  0.000000   5.000000
  0.025000   4.998438
  0.050000   4.993757
  0.075000   4.985962
  0.100000   4.975062
  0.125000   4.961069
  0.150000   4.943995
  0.175000   4.923855
  0.200000   4.900664
  0.225000   4.874441
  0.250000   4.845207
  0.275000   4.812983
  0.300000   4.777793
  0.325000   4.739663
  0.350000   4.698621
  0.375000   4.654695
  0.400000   4.607916
  0.425000   4.558318
  0.450000   4.505935
  0.475000   4.450803
  0.500000   4.392961
  0.525000   4.332446
  0.550000   4.269301
  0.575000   4.203569
  0.600000   4.135294
  0.625000   4.064520
  0.650000   3.991297
  0.675000   3.915672
  0.700000   3.837696
  0.725000   3.757421
  0.750000   3.674899
  0.775000   3.590185
  0.800000   3.503334
  0.825000   3.414404
  0.850000   3.323452
  0.875000   3.230538
  0.900000   3.135723
  0.925000   3.039067
  0.950000   2.940634
  0.975000   2.840487
  1.000000   2.738692
  1.025000   2.635313
  1.050000   2.530417
  1.075000   2.424072
  1.100000   2.316345
  1.125000   2.207307
  1.150000   2.097026
  1.175000   1.985573
  1.200000   1.873019
  1.225000   1.759436
  1.250000   1.644896
  1.275000   1.529471
  1.300000   1.413236
  1.325000   1.296263
  1.350000   1.178626
  1.375000   1.060401
  1.400000   0.941660
  1.425000   0.822480
  1.450000   0.702935
  1.475000   0.583101
  1.500000   0.463052
  1.525000   0.342863
  1.550000   0.222611
  1.575000   0.102370
  1.600000  -0.017785
  1.625000  -0.137779
  1.650000  -0.257536
  1.675000  -0.376983
  1.700000  -0.496046
  1.725000  -0.614650
  1.750000  -0.732722
  1.775000  -0.850189
  1.800000  -0.966978
  1.825000  -1.083017
  1.850000  -1.198235
  1.875000  -1.312561
  1.900000  -1.425924
  1.925000  -1.538254
  1.950000  -1.649484
  1.975000  -1.759544
  2.000000  -1.868368
  2.025000  -1.975889
  2.050000  -2.082042
  2.075000  -2.186762
  2.100000  -2.289985
  2.125000  -2.391649
  2.150000  -2.491692
  2.175000  -2.590053
  2.200000  -2.686675
  2.225000  -2.781497
  2.250000  -2.874464
  2.275000  -2.965519
  2.300000  -3.054609
  2.325000  -3.141679
  2.350000  -3.226679
  2.375000  -3.309556
  2.400000  -3.390264
  2.425000  -3.468752
  2.450000  -3.544977
  2.475000  -3.618892
  2.500000  -3.690454
  2.525000  -3.759622
  2.550000  -3.826356
  2.575000  -3.890616
  2.600000  -3.952366
  2.625000  -4.011570
  2.650000  -4.068195
  2.675000  -4.122208
  2.700000  -4.173579
  2.725000  -4.222279
  2.750000  -4.268281
  2.775000  -4.311560
  2.800000  -4.352092
  2.825000  -4.389855
  2.850000  -4.424829
  2.875000  -4.456996
  2.900000  -4.486339
  2.925000  -4.512843
  2.950000  -4.536495
  2.975000  -4.557284
  3.000000  -4.575201
  3.025000  -4.590239
  3.050000  -4.602390
  3.075000  -4.611652
  3.100000  -4.618021
  3.125000  -4.621499
  3.150000  -4.622085
  3.175000  -4.619784
  3.200000  -4.614601
  3.225000  -4.606542
  3.250000  -4.595615
  3.275000  -4.581833
  3.300000  -4.565205
  3.325000  -4.545747
  3.350000  -4.523474
  3.375000  -4.498404
  3.400000  -4.470556
  3.425000  -4.439950
  3.450000  -4.406609
  3.475000  -4.370557
  3.500000  -4.331821
  3.525000  -4.290428
  3.550000  -4.246407
  3.575000  -4.199788
  3.600000  -4.150605
  3.625000  -4.098890
  3.650000  -4.044681
  3.675000  -3.988012
  3.700000  -3.928924
  3.725000  -3.867456
  3.750000  -3.803649
  3.775000  -3.737545
  3.800000  -3.669191
  3.825000  -3.598629
  3.850000  -3.525909
  3.875000  -3.451077
  3.900000  -3.374183
  3.925000  -3.295277
  3.950000  -3.214412
  3.975000  -3.131641
  4.000000  -3.047016
  4.025000  -2.960595
  4.050000  -2.872432
  4.075000  -2.782586
  4.100000  -2.691113
  4.125000  -2.598074
  4.150000  -2.503529
  4.175000  -2.407538
  4.200000  -2.310164
  4.225000  -2.211468
  4.250000  -2.111514
  4.275000  -2.010366
  4.300000  -1.908089
  4.325000  -1.804748
  4.350000  -1.700409
  4.375000  -1.595138
  4.400000  -1.489002
  4.425000  -1.382069
  4.450000  -1.274407
  4.475000  -1.166083
  4.500000  -1.057166
  4.525000  -0.947724
  4.550000  -0.837828
  4.575000  -0.727545
  4.600000  -0.616946
  4.625000  -0.506100
  4.650000  -0.395076
  4.675000  -0.283944
  4.700000  -0.172773
  4.725000  -0.061634
  4.750000   0.049406
  4.775000   0.160275
  4.800000   0.270906
  4.825000   0.381230
  4.850000   0.491178
  4.875000   0.600681
  4.900000   0.709673
  4.925000   0.818085
  4.950000   0.925851
  4.975000   1.032904
  5.000000   1.139178
  5.025000   1.244608
  5.050000   1.349129
  5.075000   1.452676
  5.100000   1.555187
  5.125000   1.656599
  5.150000   1.756849
  5.175000   1.855877
  5.200000   1.953621
  5.225000   2.050024
  5.250000   2.145026
  5.275000   2.238569
  5.300000   2.330597
  5.325000   2.421055
  5.350000   2.509887
  5.375000   2.597041
  5.400000   2.682464
  5.425000   2.766105
  5.450000   2.847914
  5.475000   2.927842
  5.500000   3.005841
  5.525000   3.081865
  5.550000   3.155870
  5.575000   3.227811
  5.600000   3.297646
  5.625000   3.365335
  5.650000   3.430837
  5.675000   3.494114
  5.700000   3.555130
  5.725000   3.613849
  5.750000   3.670238
  5.775000   3.724264
  5.800000   3.775896
  5.825000   3.825105
  5.850000   3.871864
  5.875000   3.916147
  5.900000   3.957928
  5.925000   3.997184
  5.950000   4.033896
  5.975000   4.068041
  6.000000   4.099604
  6.025000   4.128566
  6.050000   4.154914
  6.075000   4.178634
  6.100000   4.199714
  6.125000   4.218145
  6.150000   4.233918
  6.175000   4.247027
  6.200000   4.257467
  6.225000   4.265235
  6.250000   4.270329
  6.275000   4.272750
  6.300000   4.272499
  6.325000   4.269580
  6.350000   4.263998
  6.375000   4.255760
  6.400000   4.244873
  6.425000   4.231350
  6.450000   4.215200
  6.475000   4.196438
  6.500000   4.175078
  6.525000   4.151137
  6.550000   4.124634
  6.575000   4.095587
  6.600000   4.064019
  6.625000   4.029952
  6.650000   3.993410
  6.675000   3.954420
  6.700000   3.913009
  6.725000   3.869205
  6.750000   3.823040
  6.775000   3.774544
  6.800000   3.723752
  6.825000   3.670697
  6.850000   3.615416
  6.875000   3.557945
  6.900000   3.498325
  6.925000   3.436594
  6.950000   3.372793
  6.975000   3.306966
  7.000000   3.239156
  7.025000   3.169407
  7.050000   3.097765
  7.075000   3.024279
  7.100000   2.948995
  7.125000   2.871964
  7.150000   2.793235
  7.175000   2.712859
  7.200000   2.630890
  7.225000   2.547380
  7.250000   2.462383
  7.275000   2.375955
  7.300000   2.288150
  7.325000   2.199026
  7.350000   2.108640
  7.375000   2.017050
  7.400000   1.924314
  7.425000   1.830493
  7.450000   1.735645
  7.475000   1.639832
  7.500000   1.543114
  7.525000   1.445553
  7.550000   1.347211
  7.575000   1.248151
  7.600000   1.148435
  7.625000   1.048126
  7.650000   0.947288
  7.675000   0.845984
  7.700000   0.744278
  7.725000   0.642235
  7.750000   0.539918
  7.775000   0.437391
  7.800000   0.334719
  7.825000   0.231967
  7.850000   0.129198
  7.875000   0.026477
  7.900000  -0.076133
  7.925000  -0.178567
  7.950000  -0.280761
  7.975000  -0.382652
  8.000000  -0.484177
  8.025000  -0.585273
  8.050000  -0.685877
  8.075000  -0.785927
  8.100000  -0.885361
  8.125000  -0.984118
  8.150000  -1.082136
  8.175000  -1.179357
  8.200000  -1.275719
  8.225000  -1.371164
  8.250000  -1.465634
  8.275000  -1.559070
  8.300000  -1.651416
  8.325000  -1.742615
  8.350000  -1.832611
  8.375000  -1.921351
  8.400000  -2.008780
  8.425000  -2.094845
  8.450000  -2.179493
  8.475000  -2.262675
  8.500000  -2.344340
  8.525000  -2.424439
  8.550000  -2.502923
  8.575000  -2.579746
  8.600000  -2.654862
  8.625000  -2.728225
  8.650000  -2.799793
  8.675000  -2.869523
  8.700000  -2.937374
  8.725000  -3.003305
  8.750000  -3.067278
  8.775000  -3.129256
  8.800000  -3.189201
  8.825000  -3.247080
  8.850000  -3.302859
  8.875000  -3.356504
  8.900000  -3.407987
  8.925000  -3.457276
  8.950000  -3.504345
  8.975000  -3.549166
  9.000000  -3.591715
  9.025000  -3.631967
  9.050000  -3.669900
  9.075000  -3.705493
  9.100000  -3.738728
  9.125000  -3.769587
  9.150000  -3.798052
  9.175000  -3.824109
  9.200000  -3.847746
  9.225000  -3.868950
  9.250000  -3.887711
  9.275000  -3.904020
  9.300000  -3.917870
  9.325000  -3.929257
  9.350000  -3.938174
  9.375000  -3.944621
  9.400000  -3.948597
  9.425000  -3.950101
  9.450000  -3.949136
  9.475000  -3.945706
  9.500000  -3.939815
  9.525000  -3.931471
  9.550000  -3.920683
  9.575000  -3.907458
  9.600000  -3.891810
  9.625000  -3.873751
  9.650000  -3.853295
  9.675000  -3.830458
  9.700000  -3.805256
  9.725000  -3.777710
  9.750000  -3.747838
  9.775000  -3.715664
  9.800000  -3.681208
  9.825000  -3.644496
  9.850000  -3.605554
  9.875000  -3.564409
  9.900000  -3.521089
  9.925000  -3.475624
  9.950000  -3.428044
  9.975000  -3.378383
 10.000000  -3.326674
 10.025000  -3.272952
 10.050000  -3.217253
 10.075000  -3.159614
 10.100000  -3.100074
 10.125000  -3.038671
 10.150000  -2.975448
 10.175000  -2.910445
 10.200000  -2.843705
 10.225000  -2.775273
 10.250000  -2.705193
 10.275000  -2.633511
 10.300000  -2.560273
 10.325000  -2.485528
 10.350000  -2.409324
 10.375000  -2.331711
 10.400000  -2.252737
 10.425000  -2.172456
 10.450000  -2.090918
 10.475000  -2.008176
 10.500000  -1.924283
 10.525000  -1.839293
 10.550000  -1.753260
 10.575000  -1.666240
 10.600000  -1.578288
 10.625000  -1.489460
 10.650000  -1.399812
 10.675000  -1.309402
 10.700000  -1.218288
 10.725000  -1.126526
 10.750000  -1.034175
 10.775000  -0.941294
 10.800000  -0.847941
 10.825000  -0.754175
 10.850000  -0.660055
 10.875000  -0.565640
 10.900000  -0.470990
 10.925000  -0.376164
 10.950000  -0.281222
 10.975000  -0.186222
 11.000000  -0.091225
 11.025000   0.003710
 11.050000   0.098525
 11.075000   0.193159
 11.100000   0.287555
 11.125000   0.381653
 11.150000   0.475395
 11.175000   0.568723
 11.200000   0.661580
 11.225000   0.753907
 11.250000   0.845648
 11.275000   0.936746
 11.300000   1.027146
 11.325000   1.116791
 11.350000   1.205626
 11.375000   1.293597
 11.400000   1.380651
 11.425000   1.466733
 11.450000   1.551792
 11.475000   1.635776
 11.500000   1.718632
 11.525000   1.800312
 11.550000   1.880766
 11.575000   1.959944
 11.600000   2.037799
 11.625000   2.114284
 11.650000   2.189353
 11.675000   2.262961
 11.700000   2.335064
 11.725000   2.405618
 11.750000   2.474581
 11.775000   2.541913
 11.800000   2.607573
 11.825000   2.671522
 11.850000   2.733723
 11.875000   2.794138
 11.900000   2.852734
 11.925000   2.909474
 11.950000   2.964326
 11.975000   3.017258
 12.000000   3.068239
 12.025000   3.117241
 12.050000   3.164234
 12.075000   3.209192
 12.100000   3.252090
 12.125000   3.292903
 12.150000   3.331608
 12.175000   3.368184
 12.200000   3.402611
 12.225000   3.434869
 12.250000   3.464942
 12.275000   3.492813
 12.300000   3.518468
 12.325000   3.541893
 12.350000   3.563077
 12.375000   3.582009
 12.400000   3.598680
 12.425000   3.613082
 12.450000   3.625210
 12.475000   3.635059
 12.500000   3.642625
 12.525000   3.647906
 12.550000   3.650902
 12.575000   3.651614
 12.600000   3.650045
 12.625000   3.646198
 12.650000   3.640078
 12.675000   3.631693
 12.700000   3.621050
 12.725000   3.608158
 12.750000   3.593029
 12.775000   3.575674
 12.800000   3.556109
 12.825000   3.534346
 12.850000   3.510403
 12.875000   3.484298
 12.900000   3.456049
 12.925000   3.425676
 12.950000   3.393202
 12.975000   3.358650
 13.000000   3.322042
 13.025000   3.283406
 13.050000   3.242767
 13.075000   3.200153
 13.100000   3.155594
 13.125000   3.109120
 13.150000   3.060762
 13.175000   3.010553
 13.200000   2.958526
 13.225000   2.904716
 13.250000   2.849159
 13.275000   2.791892
 13.300000   2.732953
 13.325000   2.672381
 13.350000   2.610215
 13.375000   2.546496
 13.400000   2.481267
 13.425000   2.414569
 13.450000   2.346447
 13.475000   2.276944
 13.500000   2.206106
 13.525000   2.133978
 13.550000   2.060608
 13.575000   1.986042
 13.600000   1.910330
 13.625000   1.833518
 13.650000   1.755657
 13.675000   1.676797
 13.700000   1.596989
 13.725000   1.516282
 13.750000   1.434729
 13.775000   1.352383
 13.800000   1.269294
 13.825000   1.185516
 13.850000   1.101103
 13.875000   1.016107
 13.900000   0.930583
 13.925000   0.844584
 13.950000   0.758165
 13.975000   0.671381
 14.000000   0.584286
 14.025000   0.496935
 14.050000   0.409382
 14.075000   0.321683
 14.100000   0.233893
 14.125000   0.146066
 14.150000   0.058258
 14.175000  -0.029477
 14.200000  -0.117084
 14.225000  -0.204508
 14.250000  -0.291695
 14.275000  -0.378591
 14.300000  -0.465143
 14.325000  -0.551295
 14.350000  -0.636996
 14.375000  -0.722192
 14.400000  -0.806830
 14.425000  -0.890858
 14.450000  -0.974226
 14.475000  -1.056880
 14.500000  -1.138771
 14.525000  -1.219849
 14.550000  -1.300063
 14.575000  -1.379366
 14.600000  -1.457707
 14.625000  -1.535041
 14.650000  -1.611319
 14.675000  -1.686495
 14.700000  -1.760524
 14.725000  -1.833361
 14.750000  -1.904962
 14.775000  -1.975284
 14.800000  -2.044284
 14.825000  -2.111921
 14.850000  -2.178155
 14.875000  -2.242945
 14.900000  -2.306254
 14.925000  -2.368043
 14.950000  -2.428276
 14.975000  -2.486917
 15.000000  -2.543931
 15.025000  -2.599286
 15.050000  -2.652948
 15.075000  -2.704885
 15.100000  -2.755069
 15.125000  -2.803469
 15.150000  -2.850057
 15.175000  -2.894808
 15.200000  -2.937694
 15.225000  -2.978692
 15.250000  -3.017778
 15.275000  -3.054931
 15.300000  -3.090129
 15.325000  -3.123353
 15.350000  -3.154585
 15.375000  -3.183808
 15.400000  -3.211006
 15.425000  -3.236164
 15.450000  -3.259269
 15.475000  -3.280310
 15.500000  -3.299276
 15.525000  -3.316157
 15.550000  -3.330947
 15.575000  -3.343637
 15.600000  -3.354223
 15.625000  -3.362701
 15.650000  -3.369068
 15.675000  -3.373323
 15.700000  -3.375465
 15.725000  -3.375497
 15.750000  -3.373420
 15.775000  -3.369239
 15.800000  -3.362959
 15.825000  -3.354587
 15.850000  -3.344129
 15.875000  -3.331596
 15.900000  -3.316998
 15.925000  -3.300346
 15.950000  -3.281654
 15.975000  -3.260936
 16.000000  -3.238206
 16.025000  -3.213483
 16.050000  -3.186783
 16.075000  -3.158127
 16.100000  -3.127533
 16.125000  -3.095025
 16.150000  -3.060624
 16.175000  -3.024354
 16.200000  -2.986241
 16.225000  -2.946310
 16.250000  -2.904589
 16.275000  -2.861106
 16.300000  -2.815890
 16.325000  -2.768972
 16.350000  -2.720383
 16.375000  -2.670156
 16.400000  -2.618324
 16.425000  -2.564921
 16.450000  -2.509983
 16.475000  -2.453546
 16.500000  -2.395647
 16.525000  -2.336324
 16.550000  -2.275616
 16.575000  -2.213562
 16.600000  -2.150204
 16.625000  -2.085581
 16.650000  -2.019737
 16.675000  -1.952714
 16.700000  -1.884554
 16.725000  -1.815303
 16.750000  -1.745004
 16.775000  -1.673704
 16.800000  -1.601447
 16.825000  -1.528280
 16.850000  -1.454250
 16.875000  -1.379404
 16.900000  -1.303790
 16.925000  -1.227456
 16.950000  -1.150451
 16.975000  -1.072824
 17.000000  -0.994623
 17.025000  -0.915899
 17.050000  -0.836702
 17.075000  -0.757080
 17.100000  -0.677086
 17.125000  -0.596768
 17.150000  -0.516178
 17.175000  -0.435366
 17.200000  -0.354383
 17.225000  -0.273280
 17.250000  -0.192108
 17.275000  -0.110917
 17.300000  -0.029758
 17.325000   0.051318
 17.350000   0.132260
 17.375000   0.213019
 17.400000   0.293544
 17.425000   0.373785
 17.450000   0.453693
 17.475000   0.533217
 17.500000   0.612309
 17.525000   0.690919
 17.550000   0.769000
 17.575000   0.846503
 17.600000   0.923380
 17.625000   0.999585
 17.650000   1.075070
 17.675000   1.149790
 17.700000   1.223698
 17.725000   1.296749
 17.750000   1.368899
 17.775000   1.440104
 17.800000   1.510321
 17.825000   1.579506
 17.850000   1.647619
 17.875000   1.714617
 17.900000   1.780461
 17.925000   1.845111
 17.950000   1.908527
 17.975000   1.970672
 18.000000   2.031509
 18.025000   2.091001
 18.050000   2.149113
 18.075000   2.205809
 18.100000   2.261057
 18.125000   2.314824
 18.150000   2.367078
 18.175000   2.417789
 18.200000   2.466925
 18.225000   2.514460
 18.250000   2.560365
 18.275000   2.604613
 18.300000   2.647180
 18.325000   2.688039
 18.350000   2.727169
 18.375000   2.764547
 18.400000   2.800151
 18.425000   2.833962
 18.450000   2.865960
 18.475000   2.896129
 18.500000   2.924451
 18.525000   2.950911
 18.550000   2.975495
 18.575000   2.998190
 18.600000   3.018984
 18.625000   3.037866
 18.650000   3.054828
 18.675000   3.069860
 18.700000   3.082956
 18.725000   3.094110
 18.750000   3.103318
 18.775000   3.110576
 18.800000   3.115882
 18.825000   3.119235
 18.850000   3.120636
 18.875000   3.120086
 18.900000   3.117588
 18.925000   3.113146
 18.950000   3.106765
 18.975000   3.098452
 19.000000   3.088214
 19.025000   3.076060
 19.050000   3.062000
 19.075000   3.046045
 19.100000   3.028207
 19.125000   3.008500
 19.150000   2.986939
 19.175000   2.963540
 19.200000   2.938318
 19.225000   2.911293
 19.250000   2.882483
 19.275000   2.851909
 19.300000   2.819592
 19.325000   2.785554
 19.350000   2.749819
 19.375000   2.712411
 19.400000   2.673356
 19.425000   2.632679
 19.450000   2.590410
 19.475000   2.546575
 19.500000   2.501204
 19.525000   2.454328
 19.550000   2.405978
 19.575000   2.356185
 19.600000   2.304983
 19.625000   2.252405
 19.650000   2.198486
 19.675000   2.143261
 19.700000   2.086767
 19.725000   2.029039
 19.750000   1.970117
 19.775000   1.910038
 19.800000   1.848841
 19.825000   1.786565
 19.850000   1.723252
 19.875000   1.658941
 19.900000   1.593674
 19.925000   1.527494
 19.950000   1.460442
 19.975000   1.392562
 20.000000   1.323897
 20.025000   1.254491
 20.050000   1.184388
 20.075000   1.113633
 20.100000   1.042270
 20.125000   0.970346
 20.150000   0.897906
 20.175000   0.824995
 20.200000   0.751660
 20.225000   0.677947
 20.250000   0.603903
 20.275000   0.529575
 20.300000   0.455008
 20.325000   0.380250
 20.350000   0.305348
 20.375000   0.230349
 20.400000   0.155300
 20.425000   0.080248
 20.450000   0.005239
 20.475000  -0.069679
 20.500000  -0.144461
 20.525000  -0.219058
 20.550000  -0.293426
 20.575000  -0.367517
 20.600000  -0.441286
 20.625000  -0.514688
 20.650000  -0.587676
 20.675000  -0.660206
 20.700000  -0.732234
 20.725000  -0.803714
 20.750000  -0.874602
 20.775000  -0.944856
 20.800000  -1.014432
 20.825000  -1.083287
 20.850000  -1.151380
 20.875000  -1.218669
 20.900000  -1.285112
 20.925000  -1.350670
 20.950000  -1.415302
 20.975000  -1.478969
 21.000000  -1.541634
 21.025000  -1.603257
 21.050000  -1.663802
 21.075000  -1.723232
 21.100000  -1.781511
 21.125000  -1.838605
 21.150000  -1.894479
 21.175000  -1.949100
 21.200000  -2.002436
 21.225000  -2.054454
 21.250000  -2.105124
 21.275000  -2.154417
 21.300000  -2.202301
 21.325000  -2.248751
 21.350000  -2.293738
 21.375000  -2.337236
 21.400000  -2.379220
 21.425000  -2.419666
 21.450000  -2.458550
 21.475000  -2.495849
 21.500000  -2.531544
 21.525000  -2.565612
 21.550000  -2.598036
 21.575000  -2.628796
 21.600000  -2.657876
 21.625000  -2.685260
 21.650000  -2.710932
 21.675000  -2.734879
 21.700000  -2.757088
 21.725000  -2.777548
 21.750000  -2.796246
 21.775000  -2.813175
 21.800000  -2.828326
 21.825000  -2.841692
 21.850000  -2.853266
 21.875000  -2.863043
 21.900000  -2.871020
 21.925000  -2.877194
 21.950000  -2.881563
 21.975000  -2.884127
 22.000000  -2.884886
 22.025000  -2.883842
 22.050000  -2.880999
 22.075000  -2.876360
 22.100000  -2.869930
 22.125000  -2.861715
 22.150000  -2.851724
 22.175000  -2.839964
 22.200000  -2.826445
 22.225000  -2.811177
 22.250000  -2.794173
 22.275000  -2.775444
 22.300000  -2.755006
 22.325000  -2.732872
 22.350000  -2.709059
 22.375000  -2.683584
 22.400000  -2.656465
 22.425000  -2.627720
 22.450000  -2.597370
 22.475000  -2.565436
 22.500000  -2.531939
 22.525000  -2.496903
 22.550000  -2.460351
 22.575000  -2.422308
 22.600000  -2.382799
 22.625000  -2.341852
 22.650000  -2.299493
 22.675000  -2.255751
 22.700000  -2.210655
 22.725000  -2.164234
 22.750000  -2.116519
 22.775000  -2.067543
 22.800000  -2.017336
 22.825000  -1.965931
 22.850000  -1.913363
 22.875000  -1.859666
 22.900000  -1.804874
 22.925000  -1.749024
 22.950000  -1.692151
 22.975000  -1.634292
 23.000000  -1.575484
 23.025000  -1.515766
 23.050000  -1.455176
 23.075000  -1.393753
 23.100000  -1.331536
 23.125000  -1.268565
 23.150000  -1.204880
 23.175000  -1.140522
 23.200000  -1.075533
 23.225000  -1.009953
 23.250000  -0.943824
 23.275000  -0.877188
 23.300000  -0.810087
 23.325000  -0.742564
 23.350000  -0.674662
 23.375000  -0.606424
 23.400000  -0.537891
 23.425000  -0.469109
 23.450000  -0.400119
 23.475000  -0.330966
 23.500000  -0.261692
 23.525000  -0.192342
 23.550000  -0.122958
 23.575000  -0.053584
 23.600000   0.015737
 23.625000   0.084962
 23.650000   0.154047
 23.675000   0.222949
 23.700000   0.291627
 23.725000   0.360036
 23.750000   0.428135
 23.775000   0.495881
 23.800000   0.563233
 23.825000   0.630149
 23.850000   0.696588
 23.875000   0.762509
 23.900000   0.827872
 23.925000   0.892635
 23.950000   0.956760
 23.975000   1.020208
 24.000000   1.082939
 24.025000   1.144915
 24.050000   1.206099
 24.075000   1.266453
 24.100000   1.325941
 24.125000   1.384526
 24.150000   1.442173
 24.175000   1.498848
 24.200000   1.554515
 24.225000   1.609142
 24.250000   1.662696
 24.275000   1.715145
 24.300000   1.766456
 24.325000   1.816601
 24.350000   1.865548
 24.375000   1.913269
 24.400000   1.959735
 24.425000   2.004919
 24.450000   2.048794
 24.475000   2.091335
 24.500000   2.132517
 24.525000   2.172315
 24.550000   2.210707
 24.575000   2.247670
 24.600000   2.283183
 24.625000   2.317226
 24.650000   2.349778
 24.675000   2.380823
 24.700000   2.410342
 24.725000   2.438318
 24.750000   2.464737
 24.775000   2.489583
 24.800000   2.512843
 24.825000   2.534505
 24.850000   2.554556
 24.875000   2.572987
 24.900000   2.589788
 24.925000   2.604951
 24.950000   2.618467
 24.975000   2.630332
 25.000000   2.640538
 25.025000   2.649083
 25.050000   2.655962
 25.075000   2.661174
 25.100000   2.664717
 25.125000   2.666592
 25.150000   2.666799
 25.175000   2.665340
 25.200000   2.662217
 25.225000   2.657437
 25.250000   2.651002
 25.275000   2.642919
 25.300000   2.633196
 25.325000   2.621841
 25.350000   2.608862
 25.375000   2.594270
 25.400000   2.578076
 25.425000   2.560292
 25.450000   2.540930
 25.475000   2.520007
 25.500000   2.497535
 25.525000   2.473531
 25.550000   2.448013
 25.575000   2.420997
 25.600000   2.392504
 25.625000   2.362551
 25.650000   2.331160
 25.675000   2.298353
 25.700000   2.264151
 25.725000   2.228577
 25.750000   2.191656
 25.775000   2.153413
 25.800000   2.113872
 25.825000   2.073060
 25.850000   2.031004
 25.875000   1.987733
 25.900000   1.943274
 25.925000   1.897657
 25.950000   1.850911
 25.975000   1.803068
 26.000000   1.754159
 26.025000   1.704215
 26.050000   1.653269
 26.075000   1.601354
 26.100000   1.548504
 26.125000   1.494752
 26.150000   1.440134
 26.175000   1.384685
 26.200000   1.328441
 26.225000   1.271437
 26.250000   1.213710
 26.275000   1.155297
 26.300000   1.096235
 26.325000   1.036563
 26.350000   0.976318
 26.375000   0.915538
 26.400000   0.854262
 26.425000   0.792529
 26.450000   0.730379
 26.475000   0.667849
 26.500000   0.604981
 26.525000   0.541814
 26.550000   0.478387
 26.575000   0.414740
 26.600000   0.350914
 26.625000   0.286949
 26.650000   0.222884
 26.675000   0.158760
 26.700000   0.094617
 26.725000   0.030495
 26.750000  -0.033566
 26.775000  -0.097526
 26.800000  -0.161345
 26.825000  -0.224984
 26.850000  -0.288402
 26.875000  -0.351562
 26.900000  -0.414422
 26.925000  -0.476946
 26.950000  -0.539093
 26.975000  -0.600826
 27.000000  -0.662107
 27.025000  -0.722898
 27.050000  -0.783161
 27.075000  -0.842860
 27.100000  -0.901958
 27.125000  -0.960418
 27.150000  -1.018206
 27.175000  -1.075285
 27.200000  -1.131622
 27.225000  -1.187181
 27.250000  -1.241930
 27.275000  -1.295835
 27.300000  -1.348862
 27.325000  -1.400982
 27.350000  -1.452161
 27.375000  -1.502369
 27.400000  -1.551576
 27.425000  -1.599752
 27.450000  -1.646869
 27.475000  -1.692899
 27.500000  -1.737814
 27.525000  -1.781587
 27.550000  -1.824193
 27.575000  -1.865606
 27.600000  -1.905803
 27.625000  -1.944758
 27.650000  -1.982451
 27.675000  -2.018858
 27.700000  -2.053959
 27.725000  -2.087733
 27.750000  -2.120161
 27.775000  -2.151224
 27.800000  -2.180905
 27.825000  -2.209187
 27.850000  -2.236053
 27.875000  -2.261490
 27.900000  -2.285482
 27.925000  -2.308016
 27.950000  -2.329081
 27.975000  -2.348665
 28.000000  -2.366758
 28.025000  -2.383350
 28.050000  -2.398432
 28.075000  -2.411998
 28.100000  -2.424040
 28.125000  -2.434553
 28.150000  -2.443533
 28.175000  -2.450975
 28.200000  -2.456876
 28.225000  -2.461237
 28.250000  -2.464054
 28.275000  -2.465329
 28.300000  -2.465062
 28.325000  -2.463256
 28.350000  -2.459914
 28.375000  -2.455040
 28.400000  -2.448639
 28.425000  -2.440716
 28.450000  -2.431278
 28.475000  -2.420334
 28.500000  -2.407892
 28.525000  -2.393961
 28.550000  -2.378553
 28.575000  -2.361678
 28.600000  -2.343349
 28.625000  -2.323580
 28.650000  -2.302384
 28.675000  -2.279777
 28.700000  -2.255774
 28.725000  -2.230392
 28.750000  -2.203648
 28.775000  -2.175562
 28.800000  -2.146152
 28.825000  -2.115438
 28.850000  -2.083441
 28.875000  -2.050183
 28.900000  -2.015687
 28.925000  -1.979974
 28.950000  -1.943069
 28.975000  -1.904997
 29.000000  -1.865782
 29.025000  -1.825451
 29.050000  -1.784031
 29.075000  -1.741548
 29.100000  -1.698030
 29.125000  -1.653506
 29.150000  -1.608005
 29.175000  -1.561556
 29.200000  -1.514190
 29.225000  -1.465938
 29.250000  -1.416830
 29.275000  -1.366899
 29.300000  -1.316176
 29.325000  -1.264695
 29.350000  -1.212488
 29.375000  -1.159589
 29.400000  -1.106031
 29.425000  -1.051850
 29.450000  -0.997080
 29.475000  -0.941755
 29.500000  -0.885911
 29.525000  -0.829584
 29.550000  -0.772809
 29.575000  -0.715622
 29.600000  -0.658060
 29.625000  -0.600158
 29.650000  -0.541954
 29.675000  -0.483484
 29.700000  -0.424786
 29.725000  -0.365895
 29.750000  -0.306849
 29.775000  -0.247686
 29.800000  -0.188441
 29.825000  -0.129153
 29.850000  -0.069859
 29.875000  -0.010594
 29.900000   0.048602
 29.925000   0.107695
 29.950000   0.166646
 29.975000   0.225420
 30.000000   0.283979
 30.025000   0.342288
 30.050000   0.400311
 30.075000   0.458010
 30.100000   0.515352
 30.125000   0.572300
 30.150000   0.628820
 30.175000   0.684876
 30.200000   0.740434
 30.225000   0.795461
 30.250000   0.849922
 30.275000   0.903784
 30.300000   0.957015
 30.325000   1.009581
 30.350000   1.061451
 30.375000   1.112593
 30.400000   1.162976
 30.425000   1.212570
 30.450000   1.261345
 30.475000   1.309271
 30.500000   1.356319
 30.525000   1.402462
 30.550000   1.447671
 30.575000   1.491919
 30.600000   1.535180
 30.625000   1.577429
 30.650000   1.618639
 30.675000   1.658787
 30.700000   1.697848
 30.725000   1.735801
 30.750000   1.772622
 30.775000   1.808289
 30.800000   1.842783
 30.825000   1.876083
 30.850000   1.908169
 30.875000   1.939024
 30.900000   1.968628
 30.925000   1.996967
 30.950000   2.024022
 30.975000   2.049780
 31.000000   2.074225
 31.025000   2.097345
 31.050000   2.119125
 31.075000   2.139555
 31.100000   2.158622
 31.125000   2.176318
 31.150000   2.192632
 31.175000   2.207557
 31.200000   2.221084
 31.225000   2.233207
 31.250000   2.243920
 31.275000   2.253218
 31.300000   2.261097
 31.325000   2.267554
 31.350000   2.272587
 31.375000   2.276194
 31.400000   2.278375
 31.425000   2.279130
 31.450000   2.278461
 31.475000   2.276370
 31.500000   2.272859
 31.525000   2.267933
 31.550000   2.261597
 31.575000   2.253856
 31.600000   2.244717
 31.625000   2.234188
 31.650000   2.222276
 31.675000   2.208991
 31.700000   2.194343
 31.725000   2.178343
 31.750000   2.161002
 31.775000   2.142334
 31.800000   2.122350
 31.825000   2.101066
 31.850000   2.078496
 31.875000   2.054657
 31.900000   2.029563
 31.925000   2.003234
 31.950000   1.975686
 31.975000   1.946939
 32.000000   1.917011
 32.025000   1.885924
 32.050000   1.853697
 32.075000   1.820353
 32.100000   1.785914
 32.125000   1.750402
 32.150000   1.713842
 32.175000   1.676256
 32.200000   1.637671
 32.225000   1.598111
 32.250000   1.557602
 32.275000   1.516171
 32.300000   1.473845
 32.325000   1.430651
 32.350000   1.386618
 32.375000   1.341773
 32.400000   1.296147
 32.425000   1.249768
 32.450000   1.202666
 32.475000   1.154872
 32.500000   1.106416
 32.525000   1.057330
 32.550000   1.007645
 32.575000   0.957393
 32.600000   0.906605
 32.625000   0.855315
 32.650000   0.803554
 32.675000   0.751356
 32.700000   0.698754
 32.725000   0.645782
 32.750000   0.592472
 32.775000   0.538859
 32.800000   0.484976
 32.825000   0.430858
 32.850000   0.376538
 32.875000   0.322050
 32.900000   0.267430
 32.925000   0.212711
 32.950000   0.157927
 32.975000   0.103114
 33.000000   0.048304
 33.025000  -0.006467
 33.050000  -0.061166
 33.075000  -0.115759
 33.100000  -0.170211
 33.125000  -0.224488
 33.150000  -0.278558
 33.175000  -0.332386
 33.200000  -0.385939
 33.225000  -0.439184
 33.250000  -0.492089
 33.275000  -0.544620
 33.300000  -0.596745
 33.325000  -0.648432
 33.350000  -0.699650
 33.375000  -0.750367
 33.400000  -0.800552
 33.425000  -0.850174
 33.450000  -0.899203
 33.475000  -0.947609
 33.500000  -0.995363
 33.525000  -1.042436
 33.550000  -1.088799
 33.575000  -1.134424
 33.600000  -1.179283
 33.625000  -1.223349
 33.650000  -1.266597
 33.675000  -1.308999
 33.700000  -1.350531
 33.725000  -1.391168
 33.750000  -1.430885
 33.775000  -1.469658
 33.800000  -1.507465
 33.825000  -1.544284
 33.850000  -1.580092
 33.875000  -1.614868
 33.900000  -1.648592
 33.925000  -1.681244
 33.950000  -1.712806
 33.975000  -1.743258
 34.000000  -1.772584
 34.025000  -1.800766
 34.050000  -1.827788
 34.075000  -1.853634
 34.100000  -1.878290
 34.125000  -1.901743
 34.150000  -1.923978
 34.175000  -1.944984
 34.200000  -1.964749
 34.225000  -1.983263
 34.250000  -2.000514
 34.275000  -2.016494
 34.300000  -2.031195
 34.325000  -2.044609
 34.350000  -2.056729
 34.375000  -2.067549
 34.400000  -2.077065
 34.425000  -2.085271
 34.450000  -2.092165
 34.475000  -2.097743
 34.500000  -2.102004
 34.525000  -2.104947
 34.550000  -2.106572
 34.575000  -2.106879
 34.600000  -2.105869
 34.625000  -2.103546
 34.650000  -2.099911
 34.675000  -2.094970
 34.700000  -2.088726
 34.725000  -2.081186
 34.750000  -2.072355
 34.775000  -2.062241
 34.800000  -2.050851
 34.825000  -2.038195
 34.850000  -2.024281
 34.875000  -2.009121
 34.900000  -1.992725
 34.925000  -1.975104
 34.950000  -1.956272
 34.975000  -1.936242
 35.000000  -1.915027
 35.025000  -1.892643
 35.050000  -1.869104
 35.075000  -1.844428
 35.100000  -1.818630
 35.125000  -1.791729
 35.150000  -1.763742
 35.175000  -1.734689
 35.200000  -1.704589
 35.225000  -1.673461
 35.250000  -1.641327
 35.275000  -1.608208
 35.300000  -1.574126
 35.325000  -1.539104
 35.350000  -1.503164
 35.375000  -1.466330
 35.400000  -1.428626
 35.425000  -1.390077
 35.450000  -1.350708
 35.475000  -1.310545
 35.500000  -1.269613
 35.525000  -1.227939
 35.550000  -1.185551
 35.575000  -1.142474
 35.600000  -1.098739
 35.625000  -1.054371
 35.650000  -1.009401
 35.675000  -0.963856
 35.700000  -0.917766
 35.725000  -0.871160
 35.750000  -0.824069
 35.775000  -0.776522
 35.800000  -0.728549
 35.825000  -0.680181
 35.850000  -0.631448
 35.875000  -0.582382
 35.900000  -0.533014
 35.925000  -0.483374
 35.950000  -0.433495
 35.975000  -0.383407
 36.000000  -0.333142
 36.025000  -0.282732
 36.050000  -0.232208
 36.075000  -0.181602
 36.100000  -0.130946
 36.125000  -0.080272
 36.150000  -0.029611
 36.175000   0.021006
 36.200000   0.071546
 36.225000   0.121978
 36.250000   0.172271
 36.275000   0.222394
 36.300000   0.272315
 36.325000   0.322003
 36.350000   0.371429
 36.375000   0.420561
 36.400000   0.469368
 36.425000   0.517822
 36.450000   0.565892
 36.475000   0.613548
 36.500000   0.660761
 36.525000   0.707503
 36.550000   0.753744
 36.575000   0.799457
 36.600000   0.844614
 36.625000   0.889186
 36.650000   0.933148
 36.675000   0.976471
 36.700000   1.019131
 36.725000   1.061101
 36.750000   1.102356
 36.775000   1.142871
 36.800000   1.182621
 36.825000   1.221583
 36.850000   1.259733
 36.875000   1.297049
 36.900000   1.333508
 36.925000   1.369089
 36.950000   1.403770
 36.975000   1.437532
 37.000000   1.470353
 37.025000   1.502214
 37.050000   1.533098
 37.075000   1.562986
 37.100000   1.591860
 37.125000   1.619703
 37.150000   1.646501
 37.175000   1.672236
 37.200000   1.696895
 37.225000   1.720463
 37.250000   1.742928
 37.275000   1.764275
 37.300000   1.784494
 37.325000   1.803573
 37.350000   1.821502
 37.375000   1.838271
 37.400000   1.853871
 37.425000   1.868293
 37.450000   1.881531
 37.475000   1.893576
 37.500000   1.904424
 37.525000   1.914069
 37.550000   1.922507
 37.575000   1.929733
 37.600000   1.935745
 37.625000   1.940540
 37.650000   1.944117
 37.675000   1.946476
 37.700000   1.947616
 37.725000   1.947538
 37.750000   1.946244
 37.775000   1.943736
 37.800000   1.940017
 37.825000   1.935091
 37.850000   1.928962
 37.875000   1.921636
 37.900000   1.913120
 37.925000   1.903419
 37.950000   1.892541
 37.975000   1.880495
 38.000000   1.867289
 38.025000   1.852934
 38.050000   1.837439
 38.075000   1.820816
 38.100000   1.803076
 38.125000   1.784233
 38.150000   1.764299
 38.175000   1.743287
 38.200000   1.721213
 38.225000   1.698092
 38.250000   1.673939
 38.275000   1.648770
 38.300000   1.622604
 38.325000   1.595456
 38.350000   1.567346
 38.375000   1.538292
 38.400000   1.508314
 38.425000   1.477431
 38.450000   1.445663
 38.475000   1.413033
 38.500000   1.379561
 38.525000   1.345269
 38.550000   1.310179
 38.575000   1.274315
 38.600000   1.237700
 38.625000   1.200358
 38.650000   1.162312
 38.675000   1.123589
 38.700000   1.084211
 38.725000   1.044206
 38.750000   1.003599
 38.775000   0.962415
 38.800000   0.920682
 38.825000   0.878426
 38.850000   0.835674
 38.875000   0.792454
 38.900000   0.748792
 38.925000   0.704718
 38.950000   0.660258
 38.975000   0.615442
 39.000000   0.570297
 39.025000   0.524852
 39.050000   0.479136
 39.075000   0.433178
 39.100000   0.387007
 39.125000   0.340652
 39.150000   0.294142
 39.175000   0.247507
 39.200000   0.200775
 39.225000   0.153976
 39.250000   0.107140
 39.275000   0.060295
 39.300000   0.013470
 39.325000  -0.033304
 39.350000  -0.079998
 39.375000  -0.126585
 39.400000  -0.173034
 39.425000  -0.219317
 39.450000  -0.265406
 39.475000  -0.311271
 39.500000  -0.356884
 39.525000  -0.402218
 39.550000  -0.447243
 39.575000  -0.491933
 39.600000  -0.536260
 39.625000  -0.580197
 39.650000  -0.623716
 39.675000  -0.666791
 39.700000  -0.709397
 39.725000  -0.751505
 39.750000  -0.793092
 39.775000  -0.834132
 39.800000  -0.874599
 39.825000  -0.914470
 39.850000  -0.953719
 39.875000  -0.992324
 39.900000  -1.030261
 39.925000  -1.067507
 39.950000  -1.104040
 39.975000  -1.139837
 40.000000  -1.174878
 40.025000  -1.209142
 40.050000  -1.242607
 40.075000  -1.275254
 40.100000  -1.307064
 40.125000  -1.338018
 40.150000  -1.368098
 40.175000  -1.397286
 40.200000  -1.425564
 40.225000  -1.452917
 40.250000  -1.479328
 40.275000  -1.504782
 40.300000  -1.529265
 40.325000  -1.552761
 40.350000  -1.575259
 40.375000  -1.596745
 40.400000  -1.617206
 40.425000  -1.636632
 40.450000  -1.655011
 40.475000  -1.672334
 40.500000  -1.688591
 40.525000  -1.703772
 40.550000  -1.717871
 40.575000  -1.730879
 40.600000  -1.742789
 40.625000  -1.753597
 40.650000  -1.763295
 40.675000  -1.771880
 40.700000  -1.779348
 40.725000  -1.785695
 40.750000  -1.790919
 40.775000  -1.795018
 40.800000  -1.797990
 40.825000  -1.799836
 40.850000  -1.800555
 40.875000  -1.800149
 40.900000  -1.798619
 40.925000  -1.795968
 40.950000  -1.792198
 40.975000  -1.787313
 41.000000  -1.781319
 41.025000  -1.774219
 41.050000  -1.766020
 41.075000  -1.756728
 41.100000  -1.746350
 41.125000  -1.734895
 41.150000  -1.722371
 41.175000  -1.708786
 41.200000  -1.694151
 41.225000  -1.678476
 41.250000  -1.661773
 41.275000  -1.644052
 41.300000  -1.625327
 41.325000  -1.605610
 41.350000  -1.584915
 41.375000  -1.563256
 41.400000  -1.540647
 41.425000  -1.517105
 41.450000  -1.492644
 41.475000  -1.467282
 41.500000  -1.441034
 41.525000  -1.413920
 41.550000  -1.385956
 41.575000  -1.357162
 41.600000  -1.327556
 41.625000  -1.297158
 41.650000  -1.265987
 41.675000  -1.234065
 41.700000  -1.201412
 41.725000  -1.168050
 41.750000  -1.133999
 41.775000  -1.099283
 41.800000  -1.063923
 41.825000  -1.027944
 41.850000  -0.991367
 41.875000  -0.954216
 41.900000  -0.916516
 41.925000  -0.878291
 41.950000  -0.839565
 41.975000  -0.800363
 42.000000  -0.760710
 42.025000  -0.720631
 42.050000  -0.680153
 42.075000  -0.639300
 42.100000  -0.598099
 42.125000  -0.556576
 42.150000  -0.514757
 42.175000  -0.472669
 42.200000  -0.430338
 42.225000  -0.387791
 42.250000  -0.345055
 42.275000  -0.302157
 42.300000  -0.259124
 42.325000  -0.215983
 42.350000  -0.172761
 42.375000  -0.129485
 42.400000  -0.086182
 42.425000  -0.042879
 42.450000   0.000396
 42.475000   0.043617
 42.500000   0.086757
 42.525000   0.129788
 42.550000   0.172685
 42.575000   0.215421
 42.600000   0.257968
 42.625000   0.300301
 42.650000   0.342394
 42.675000   0.384220
 42.700000   0.425754
 42.725000   0.466971
 42.750000   0.507844
 42.775000   0.548349
 42.800000   0.588461
 42.825000   0.628155
 42.850000   0.667407
 42.875000   0.706193
 42.900000   0.744490
 42.925000   0.782274
 42.950000   0.819522
 42.975000   0.856212
 43.000000   0.892321
 43.025000   0.927828
 43.050000   0.962711
 43.075000   0.996949
 43.100000   1.030522
 43.125000   1.063409
 43.150000   1.095591
 43.175000   1.127048
 43.200000   1.157762
 43.225000   1.187715
 43.250000   1.216888
 43.275000   1.245265
 43.300000   1.272829
 43.325000   1.299563
 43.350000   1.325452
 43.375000   1.350481
 43.400000   1.374635
 43.425000   1.397901
 43.450000   1.420264
 43.475000   1.441713
 43.500000   1.462234
 43.525000   1.481816
 43.550000   1.500448
 43.575000   1.518120
 43.600000   1.534821
 43.625000   1.550543
 43.650000   1.565277
 43.675000   1.579015
 43.700000   1.591750
 43.725000   1.603474
 43.750000   1.614183
 43.775000   1.623870
 43.800000   1.632530
 43.825000   1.640160
 43.850000   1.646756
 43.875000   1.652315
 43.900000   1.656836
 43.925000   1.660316
 43.950000   1.662754
 43.975000   1.664151
 44.000000   1.664507
 44.025000   1.663823
 44.050000   1.662100
 44.075000   1.659342
 44.100000   1.655550
 44.125000   1.650729
 44.150000   1.644884
 44.175000   1.638018
 44.200000   1.630138
 44.225000   1.621249
 44.250000   1.611359
 44.275000   1.600475
 44.300000   1.588605
 44.325000   1.575757
 44.350000   1.561942
 44.375000   1.547168
 44.400000   1.531446
 44.425000   1.514787
 44.450000   1.497203
 44.475000   1.478706
 44.500000   1.459308
 44.525000   1.439024
 44.550000   1.417865
 44.575000   1.395848
 44.600000   1.372986
 44.625000   1.349296
 44.650000   1.324792
 44.675000   1.299491
 44.700000   1.273411
 44.725000   1.246567
 44.750000   1.218979
 44.775000   1.190663
 44.800000   1.161640
 44.825000   1.131927
 44.850000   1.101544
 44.875000   1.070511
 44.900000   1.038848
 44.925000   1.006577
 44.950000   0.973716
 44.975000   0.940289
 45.000000   0.906316
 45.025000   0.871819
 45.050000   0.836821
 45.075000   0.801344
 45.100000   0.765411
 45.125000   0.729045
 45.150000   0.692269
 45.175000   0.655106
 45.200000   0.617581
 45.225000   0.579716
 45.250000   0.541537
 45.275000   0.503068
 45.300000   0.464332
 45.325000   0.425355
 45.350000   0.386160
 45.375000   0.346774
 45.400000   0.307220
 45.425000   0.267524
 45.450000   0.227710
 45.475000   0.187803
 45.500000   0.147830
 45.525000   0.107813
 45.550000   0.067780
 45.575000   0.027754
 45.600000  -0.012239
 45.625000  -0.052175
 45.650000  -0.092028
 45.675000  -0.131774
 45.700000  -0.171388
 45.725000  -0.210845
 45.750000  -0.250122
 45.775000  -0.289193
 45.800000  -0.328034
 45.825000  -0.366623
 45.850000  -0.404934
 45.875000  -0.442944
 45.900000  -0.480630
 45.925000  -0.517969
 45.950000  -0.554938
 45.975000  -0.591514
 46.000000  -0.627675
 46.025000  -0.663398
 46.050000  -0.698663
 46.075000  -0.733447
 46.100000  -0.767730
 46.125000  -0.801490
 46.150000  -0.834708
 46.175000  -0.867363
 46.200000  -0.899435
 46.225000  -0.930905
 46.250000  -0.961755
 46.275000  -0.991965
 46.300000  -1.021519
 46.325000  -1.050397
 46.350000  -1.078583
 46.375000  -1.106060
 46.400000  -1.132812
 46.425000  -1.158823
 46.450000  -1.184078
 46.475000  -1.208562
 46.500000  -1.232260
 46.525000  -1.255159
 46.550000  -1.277246
 46.575000  -1.298507
 46.600000  -1.318930
 46.625000  -1.338505
 46.650000  -1.357219
 46.675000  -1.375062
 46.700000  -1.392023
 46.725000  -1.408094
 46.750000  -1.423266
 46.775000  -1.437529
 46.800000  -1.450877
 46.825000  -1.463303
 46.850000  -1.474798
 46.875000  -1.485358
 46.900000  -1.494978
 46.925000  -1.503651
 46.950000  -1.511375
 46.975000  -1.518145
 47.000000  -1.523958
 47.025000  -1.528812
 47.050000  -1.532705
 47.075000  -1.535636
 47.100000  -1.537605
 47.125000  -1.538610
 47.150000  -1.538653
 47.175000  -1.537736
 47.200000  -1.535859
 47.225000  -1.533025
 47.250000  -1.529237
 47.275000  -1.524498
 47.300000  -1.518814
 47.325000  -1.512187
 47.350000  -1.504625
 47.375000  -1.496133
 47.400000  -1.486716
 47.425000  -1.476383
 47.450000  -1.465140
 47.475000  -1.452997
 47.500000  -1.439961
 47.525000  -1.426042
 47.550000  -1.411250
 47.575000  -1.395595
 47.600000  -1.379087
 47.625000  -1.361739
 47.650000  -1.343562
 47.675000  -1.324569
 47.700000  -1.304772
 47.725000  -1.284185
 47.750000  -1.262822
 47.775000  -1.240696
 47.800000  -1.217823
 47.825000  -1.194219
 47.850000  -1.169898
 47.875000  -1.144876
 47.900000  -1.119171
 47.925000  -1.092799
 47.950000  -1.065777
 47.975000  -1.038123
 48.000000  -1.009856
 48.025000  -0.980993
 48.050000  -0.951553
 48.075000  -0.921556
 48.100000  -0.891021
 48.125000  -0.859967
 48.150000  -0.828415
 48.175000  -0.796385
 48.200000  -0.763898
 48.225000  -0.730974
 48.250000  -0.697635
 48.275000  -0.663901
 48.300000  -0.629795
 48.325000  -0.595339
 48.350000  -0.560553
 48.375000  -0.525461
 48.400000  -0.490085
 48.425000  -0.454446
 48.450000  -0.418569
 48.475000  -0.382475
 48.500000  -0.346187
 48.525000  -0.309728
 48.550000  -0.273121
 48.575000  -0.236389
 48.600000  -0.199556
 48.625000  -0.162644
 48.650000  -0.125676
 48.675000  -0.088676
 48.700000  -0.051667
 48.725000  -0.014672
 48.750000   0.022286
 48.775000   0.059184
 48.800000   0.095999
 48.825000   0.132708
 48.850000   0.169288
 48.875000   0.205717
 48.900000   0.241971
 48.925000   0.278030
 48.950000   0.313869
 48.975000   0.349468
 49.000000   0.384804
 49.025000   0.419856
 49.050000   0.454601
 49.075000   0.489020
 49.100000   0.523089
 49.125000   0.556790
 49.150000   0.590101
 49.175000   0.623001
 49.200000   0.655472
 49.225000   0.687492
 49.250000   0.719043
 49.275000   0.750105
 49.300000   0.780660
 49.325000   0.810690
 49.350000   0.840175
 49.375000   0.869099
 49.400000   0.897444
 49.425000   0.925193
 49.450000   0.952330
 49.475000   0.978838
 49.500000   1.004701
 49.525000   1.029905
 49.550000   1.054434
 49.575000   1.078273
 49.600000   1.101409
 49.625000   1.123829
 49.650000   1.145519
 49.675000   1.166466
 49.700000   1.186658
 49.725000   1.206084
 49.750000   1.224732
 49.775000   1.242592
 49.800000   1.259654
 49.825000   1.275908
 49.850000   1.291344
 49.875000   1.305955
 49.900000   1.319732
 49.925000   1.332667
 49.950000   1.344754
 49.975000   1.355985
 50.000000   1.366356
 50.025000   1.375861
 50.050000   1.384494
 50.075000   1.392252
 50.100000   1.399130
 50.125000   1.405126
 50.150000   1.410237
 50.175000   1.414461
 50.200000   1.417796
 50.225000   1.420241
 50.250000   1.421796
 50.275000   1.422461
 50.300000   1.422237
 50.325000   1.421125
 50.350000   1.419127
 50.375000   1.416245
 50.400000   1.412482
 50.425000   1.407841
 50.450000   1.402327
 50.475000   1.395944
 50.500000   1.388697
 50.525000   1.380592
 50.550000   1.371635
 50.575000   1.361832
 50.600000   1.351190
 50.625000   1.339719
 50.650000   1.327424
 50.675000   1.314316
 50.700000   1.300404
 50.725000   1.285696
 50.750000   1.270204
 50.775000   1.253938
 50.800000   1.236910
 50.825000   1.219130
 50.850000   1.200610
 50.875000   1.181364
 50.900000   1.161404
 50.925000   1.140744
 50.950000   1.119397
 50.975000   1.097377
 51.000000   1.074700
 51.025000   1.051380
 51.050000   1.027432
 51.075000   1.002872
 51.100000   0.977717
 51.125000   0.951982
 51.150000   0.925685
 51.175000   0.898843
 51.200000   0.871473
 51.225000   0.843593
 51.250000   0.815220
 51.275000   0.786374
 51.300000   0.757073
 51.325000   0.727336
 51.350000   0.697181
 51.375000   0.666629
 51.400000   0.635698
 51.425000   0.604409
 51.450000   0.572782
 51.475000   0.540836
 51.500000   0.508593
 51.525000   0.476072
 51.550000   0.443295
 51.575000   0.410281
 51.600000   0.377053
 51.625000   0.343630
 51.650000   0.310035
 51.675000   0.276288
 51.700000   0.242410
 51.725000   0.208424
 51.750000   0.174350
 51.775000   0.140209
 51.800000   0.106024
 51.825000   0.071815
 51.850000   0.037603
 51.875000   0.003412
 51.900000  -0.030740
 51.925000  -0.064829
 51.950000  -0.098835
 51.975000  -0.132738
 52.000000  -0.166514
 52.025000  -0.200145
 52.050000  -0.233609
 52.075000  -0.266885
 52.100000  -0.299952
 52.125000  -0.332792
 52.150000  -0.365382
 52.175000  -0.397703
 52.200000  -0.429735
 52.225000  -0.461459
 52.250000  -0.492856
 52.275000  -0.523905
 52.300000  -0.554588
 52.325000  -0.584886
 52.350000  -0.614782
 52.375000  -0.644256
 52.400000  -0.673290
 52.425000  -0.701868
 52.450000  -0.729972
 52.475000  -0.757585
 52.500000  -0.784690
 52.525000  -0.811272
 52.550000  -0.837313
 52.575000  -0.862799
 52.600000  -0.887714
 52.625000  -0.912043
 52.650000  -0.935773
 52.675000  -0.958888
 52.700000  -0.981376
 52.725000  -1.003222
 52.750000  -1.024415
 52.775000  -1.044942
 52.800000  -1.064790
 52.825000  -1.083948
 52.850000  -1.102405
 52.875000  -1.120151
 52.900000  -1.137175
 52.925000  -1.153467
 52.950000  -1.169019
 52.975000  -1.183821
 53.000000  -1.197865
 53.025000  -1.211144
 53.050000  -1.223649
 53.075000  -1.235375
 53.100000  -1.246314
 53.125000  -1.256461
 53.150000  -1.265811
 53.175000  -1.274359
 53.200000  -1.282100
 53.225000  -1.289030
 53.250000  -1.295147
 53.275000  -1.300447
 53.300000  -1.304928
 53.325000  -1.308589
 53.350000  -1.311428
 53.375000  -1.313444
 53.400000  -1.314637
 53.425000  -1.315008
 53.450000  -1.314557
 53.475000  -1.313286
 53.500000  -1.311195
 53.525000  -1.308289
 53.550000  -1.304569
 53.575000  -1.300039
 53.600000  -1.294702
 53.625000  -1.288564
 53.650000  -1.281628
 53.675000  -1.273901
 53.700000  -1.265387
 53.725000  -1.256094
 53.750000  -1.246028
 53.775000  -1.235196
 53.800000  -1.223607
 53.825000  -1.211267
 53.850000  -1.198187
 53.875000  -1.184374
 53.900000  -1.169839
 53.925000  -1.154592
 53.950000  -1.138642
 53.975000  -1.122001
 54.000000  -1.104680
 54.025000  -1.086691
 54.050000  -1.068046
 54.075000  -1.048757
 54.100000  -1.028837
 54.125000  -1.008299
 54.150000  -0.987157
 54.175000  -0.965425
 54.200000  -0.943117
 54.225000  -0.920248
 54.250000  -0.896833
 54.275000  -0.872886
 54.300000  -0.848425
 54.325000  -0.823464
 54.350000  -0.798020
 54.375000  -0.772110
 54.400000  -0.745749
 54.425000  -0.718956
 54.450000  -0.691747
 54.475000  -0.664140
 54.500000  -0.636153
 54.525000  -0.607803
 54.550000  -0.579109
 54.575000  -0.550090
 54.600000  -0.520763
 54.625000  -0.491147
 54.650000  -0.461262
 54.675000  -0.431126
 54.700000  -0.400758
 54.725000  -0.370178
 54.750000  -0.339405
 54.775000  -0.308458
 54.800000  -0.277357
 54.825000  -0.246122
 54.850000  -0.214773
 54.875000  -0.183328
 54.900000  -0.151808
 54.925000  -0.120233
 54.950000  -0.088621
 54.975000  -0.056995
 55.000000  -0.025372
 55.025000   0.006228
 55.050000   0.037784
 55.075000   0.069277
 55.100000   0.100687
 55.125000   0.131995
 55.150000   0.163182
 55.175000   0.194228
 55.200000   0.225113
 55.225000   0.255820
 55.250000   0.286328
 55.275000   0.316620
 55.300000   0.346675
 55.325000   0.376477
 55.350000   0.406007
 55.375000   0.435245
 55.400000   0.464176
 55.425000   0.492780
 55.450000   0.521041
 55.475000   0.548942
 55.500000   0.576464
 55.525000   0.603592
 55.550000   0.630310
 55.575000   0.656600
 55.600000   0.682447
 55.625000   0.707836
 55.650000   0.732751
 55.675000   0.757177
 55.700000   0.781099
 55.725000   0.804504
 55.750000   0.827378
 55.775000   0.849705
 55.800000   0.871475
 55.825000   0.892673
 55.850000   0.913286
 55.875000   0.933304
 55.900000   0.952714
 55.925000   0.971504
 55.950000   0.989664
 55.975000   1.007183
 56.000000   1.024052
 56.025000   1.040259
 56.050000   1.055797
 56.075000   1.070656
 56.100000   1.084828
 56.125000   1.098304
 56.150000   1.111078
 56.175000   1.123141
 56.200000   1.134488
 56.225000   1.145113
 56.250000   1.155009
 56.275000   1.164171
 56.300000   1.172594
 56.325000   1.180275
 56.350000   1.187209
 56.375000   1.193392
 56.400000   1.198823
 56.425000   1.203498
 56.450000   1.207416
 56.475000   1.210574
 56.500000   1.212973
 56.525000   1.214611
 56.550000   1.215488
 56.575000   1.215605
 56.600000   1.214962
 56.625000   1.213562
 56.650000   1.211405
 56.675000   1.208495
 56.700000   1.204833
 56.725000   1.200423
 56.750000   1.195270
 56.775000   1.189375
 56.800000   1.182746
 56.825000   1.175386
 56.850000   1.167301
 56.875000   1.158497
 56.900000   1.148981
 56.925000   1.138759
 56.950000   1.127838
 56.975000   1.116227
 57.000000   1.103933
 57.025000   1.090964
 57.050000   1.077331
 57.075000   1.063042
 57.100000   1.048106
 57.125000   1.032535
 57.150000   1.016338
 57.175000   0.999527
 57.200000   0.982113
 57.225000   0.964106
 57.250000   0.945520
 57.275000   0.926367
 57.300000   0.906659
 57.325000   0.886410
 57.350000   0.865632
 57.375000   0.844339
 57.400000   0.822546
 57.425000   0.800266
 57.450000   0.777514
 57.475000   0.754305
 57.500000   0.730654
 57.525000   0.706576
 57.550000   0.682087
 57.575000   0.657202
 57.600000   0.631938
 57.625000   0.606311
 57.650000   0.580337
 57.675000   0.554033
 57.700000   0.527416
 57.725000   0.500503
 57.750000   0.473311
 57.775000   0.445857
 57.800000   0.418159
 57.825000   0.390235
 57.850000   0.362101
 57.875000   0.333777
 57.900000   0.305279
 57.925000   0.276627
 57.950000   0.247837
 57.975000   0.218929
 58.000000   0.189920
 58.025000   0.160828
 58.050000   0.131673
 58.075000   0.102471
 58.100000   0.073243
 58.125000   0.044004
 58.150000   0.014775
 58.175000  -0.014426
 58.200000  -0.043583
 58.225000  -0.072675
 58.250000  -0.101686
 58.275000  -0.130597
 58.300000  -0.159391
 58.325000  -0.188049
 58.350000  -0.216553
 58.375000  -0.244887
 58.400000  -0.273033
 58.425000  -0.300972
 58.450000  -0.328689
 58.475000  -0.356166
 58.500000  -0.383386
 58.525000  -0.410333
 58.550000  -0.436990
 58.575000  -0.463341
 58.600000  -0.489369
 58.625000  -0.515059
 58.650000  -0.540395
 58.675000  -0.565362
 58.700000  -0.589945
 58.725000  -0.614129
 58.750000  -0.637899
 58.775000  -0.661241
 58.800000  -0.684140
 58.825000  -0.706584
 58.850000  -0.728558
 58.875000  -0.750050
 58.900000  -0.771047
 58.925000  -0.791535
 58.950000  -0.811504
 58.975000  -0.830941
 59.000000  -0.849835
 59.025000  -0.868174
 59.050000  -0.885948
 59.075000  -0.903147
 59.100000  -0.919760
 59.125000  -0.935778
 59.150000  -0.951191
 59.175000  -0.965991
 59.200000  -0.980169
 59.225000  -0.993718
 59.250000  -1.006628
 59.275000  -1.018894
 59.300000  -1.030509
 59.325000  -1.041465
 59.350000  -1.051756
 59.375000  -1.061379
 59.400000  -1.070326
 59.425000  -1.078593
 59.450000  -1.086177
 59.475000  -1.093072
 59.500000  -1.099277
 59.525000  -1.104787
 59.550000  -1.109600
 59.575000  -1.113714
 59.600000  -1.117127
 59.625000  -1.119838
 59.650000  -1.121847
 59.675000  -1.123152
 59.700000  -1.123754
 59.725000  -1.123654
 59.750000  -1.122852
 59.775000  -1.121349
 59.800000  -1.119148
 59.825000  -1.116251
 59.850000  -1.112660
 59.875000  -1.108379
 59.900000  -1.103411
 59.925000  -1.097760
 59.950000  -1.091430
 59.975000  -1.084427
 60.000000  -1.076755
 60.025000  -1.068420
 60.050000  -1.059428
 60.075000  -1.049786
 60.100000  -1.039500
 60.125000  -1.028578
 60.150000  -1.017026
 60.175000  -1.004855
 60.200000  -0.992070
 60.225000  -0.978682
 60.250000  -0.964700
 60.275000  -0.950132
 60.300000  -0.934990
 60.325000  -0.919282
 60.350000  -0.903019
 60.375000  -0.886213
 60.400000  -0.868875
 60.425000  -0.851015
 60.450000  -0.832646
 60.475000  -0.813780
 60.500000  -0.794430
 60.525000  -0.774607
 60.550000  -0.754326
 60.575000  -0.733598
 60.600000  -0.712438
 60.625000  -0.690860
 60.650000  -0.668877
 60.675000  -0.646504
 60.700000  -0.623755
 60.725000  -0.600645
 60.750000  -0.577189
 60.775000  -0.553401
 60.800000  -0.529297
 60.825000  -0.504893
 60.850000  -0.480205
 60.875000  -0.455247
 60.900000  -0.430035
 60.925000  -0.404587
 60.950000  -0.378918
 60.975000  -0.353044
 61.000000  -0.326983
 61.025000  -0.300749
 61.050000  -0.274360
 61.075000  -0.247833
 61.100000  -0.221185
 61.125000  -0.194431
 61.150000  -0.167590
 61.175000  -0.140677
 61.200000  -0.113710
 61.225000  -0.086706
 61.250000  -0.059681
 61.275000  -0.032653
 61.300000  -0.005638
 61.325000   0.021347
 61.350000   0.048284
 61.375000   0.075158
 61.400000   0.101951
 61.425000   0.128647
 61.450000   0.155230
 61.475000   0.181682
 61.500000   0.207988
 61.525000   0.234131
 61.550000   0.260095
 61.575000   0.285864
 61.600000   0.311422
 61.625000   0.336754
 61.650000   0.361844
 61.675000   0.386677
 61.700000   0.411237
 61.725000   0.435510
 61.750000   0.459480
 61.775000   0.483134
 61.800000   0.506456
 61.825000   0.529432
 61.850000   0.552050
 61.875000   0.574294
 61.900000   0.596151
 61.925000   0.617610
 61.950000   0.638655
 61.975000   0.659275
 62.000000   0.679458
 62.025000   0.699191
 62.050000   0.718463
 62.075000   0.737262
 62.100000   0.755577
 62.125000   0.773398
 62.150000   0.790713
 62.175000   0.807512
 62.200000   0.823786
 62.225000   0.839526
 62.250000   0.854721
 62.275000   0.869364
 62.300000   0.883445
 62.325000   0.896957
 62.350000   0.909891
 62.375000   0.922242
 62.400000   0.934000
 62.425000   0.945161
 62.450000   0.955718
 62.475000   0.965664
 62.500000   0.974995
 62.525000   0.983705
 62.550000   0.991790
 62.575000   0.999246
 62.600000   1.006068
 62.625000   1.012253
 62.650000   1.017798
 62.675000   1.022701
 62.700000   1.026958
 62.725000   1.030569
 62.750000   1.033532
 62.775000   1.035845
 62.800000   1.037509
 62.825000   1.038523
 62.850000   1.038886
 62.875000   1.038601
 62.900000   1.037667
 62.925000   1.036086
 62.950000   1.033860
 62.975000   1.030991
 63.000000   1.027482
 63.025000   1.023335
 63.050000   1.018554
 63.075000   1.013143
 63.100000   1.007106
 63.125000   1.000448
 63.150000   0.993173
 63.175000   0.985287
 63.200000   0.976795
 63.225000   0.967704
 63.250000   0.958020
 63.275000   0.947750
 63.300000   0.936900
 63.325000   0.925479
 63.350000   0.913494
 63.375000   0.900953
 63.400000   0.887866
 63.425000   0.874240
 63.450000   0.860085
 63.475000   0.845411
 63.500000   0.830227
 63.525000   0.814544
 63.550000   0.798371
 63.575000   0.781720
 63.600000   0.764601
 63.625000   0.747027
 63.650000   0.729007
 63.675000   0.710555
 63.700000   0.691682
 63.725000   0.672401
 63.750000   0.652724
 63.775000   0.632663
 63.800000   0.612233
 63.825000   0.591446
 63.850000   0.570315
 63.875000   0.548854
 63.900000   0.527078
 63.925000   0.504999
 63.950000   0.482633
 63.975000   0.459993
 64.000000   0.437094
 64.025000   0.413951
 64.050000   0.390578
 64.075000   0.366991
 64.100000   0.343203
 64.125000   0.319231
 64.150000   0.295090
 64.175000   0.270794
 64.200000   0.246360
 64.225000   0.221802
 64.250000   0.197136
 64.275000   0.172378
 64.300000   0.147544
 64.325000   0.122648
 64.350000   0.097707
 64.375000   0.072736
 64.400000   0.047750
 64.425000   0.022766
 64.450000  -0.002201
 64.475000  -0.027135
 64.500000  -0.052021
 64.525000  -0.076844
 64.550000  -0.101588
 64.575000  -0.126237
 64.600000  -0.150777
 64.625000  -0.175192
 64.650000  -0.199467
 64.675000  -0.223587
 64.700000  -0.247537
 64.725000  -0.271303
 64.750000  -0.294870
 64.775000  -0.318223
 64.800000  -0.341348
 64.825000  -0.364231
 64.850000  -0.386858
 64.875000  -0.409215
 64.900000  -0.431289
 64.925000  -0.453065
 64.950000  -0.474532
 64.975000  -0.495675
 65.000000  -0.516482
 65.025000  -0.536941
 65.050000  -0.557039
 65.075000  -0.576763
 65.100000  -0.596103
 65.125000  -0.615046
 65.150000  -0.633582
 65.175000  -0.651699
 65.200000  -0.669386
 65.225000  -0.686633
 65.250000  -0.703429
 65.275000  -0.719765
 65.300000  -0.735631
 65.325000  -0.751018
 65.350000  -0.765917
 65.375000  -0.780318
 65.400000  -0.794215
 65.425000  -0.807597
 65.450000  -0.820459
 65.475000  -0.832792
 65.500000  -0.844590
 65.525000  -0.855845
 65.550000  -0.866552
 65.575000  -0.876704
 65.600000  -0.886296
 65.625000  -0.895323
 65.650000  -0.903779
 65.675000  -0.911659
 65.700000  -0.918961
 65.725000  -0.925680
 65.750000  -0.931812
 65.775000  -0.937354
 65.800000  -0.942304
 65.825000  -0.946659
 65.850000  -0.950418
 65.875000  -0.953578
 65.900000  -0.956139
 65.925000  -0.958099
 65.950000  -0.959459
 65.975000  -0.960217
 66.000000  -0.960375
 66.025000  -0.959933
 66.050000  -0.958892
 66.075000  -0.957253
 66.100000  -0.955018
 66.125000  -0.952190
 66.150000  -0.948771
 66.175000  -0.944763
 66.200000  -0.940170
 66.225000  -0.934996
 66.250000  -0.929244
 66.275000  -0.922919
 66.300000  -0.916025
 66.325000  -0.908568
 66.350000  -0.900553
 66.375000  -0.891985
 66.400000  -0.882871
 66.425000  -0.873217
 66.450000  -0.863029
 66.475000  -0.852316
 66.500000  -0.841083
 66.525000  -0.829339
 66.550000  -0.817091
 66.575000  -0.804349
 66.600000  -0.791120
 66.625000  -0.777414
 66.650000  -0.763239
 66.675000  -0.748605
 66.700000  -0.733522
 66.725000  -0.718000
 66.750000  -0.702048
 66.775000  -0.685678
 66.800000  -0.668900
 66.825000  -0.651726
 66.850000  -0.634165
 66.875000  -0.616231
 66.900000  -0.597934
 66.925000  -0.579287
 66.950000  -0.560301
 66.975000  -0.540988
 67.000000  -0.521362
 67.025000  -0.501435
 67.050000  -0.481220
 67.075000  -0.460729
 67.100000  -0.439976
 67.125000  -0.418974
 67.150000  -0.397737
 67.175000  -0.376278
 67.200000  -0.354611
 67.225000  -0.332749
 67.250000  -0.310707
 67.275000  -0.288498
 67.300000  -0.266137
 67.325000  -0.243637
 67.350000  -0.221014
 67.375000  -0.198281
 67.400000  -0.175452
 67.425000  -0.152542
 67.450000  -0.129566
 67.475000  -0.106537
 67.500000  -0.083470
 67.525000  -0.060381
 67.550000  -0.037282
 67.575000  -0.014189
 67.600000   0.008884
 67.625000   0.031923
 67.650000   0.054913
 67.675000   0.077840
 67.700000   0.100690
 67.725000   0.123448
 67.750000   0.146101
 67.775000   0.168634
 67.800000   0.191034
 67.825000   0.213286
 67.850000   0.235378
 67.875000   0.257295
 67.900000   0.279023
 67.925000   0.300551
 67.950000   0.321863
 67.975000   0.342949
 68.000000   0.363793
 68.025000   0.384384
 68.050000   0.404710
 68.075000   0.424757
 68.100000   0.444514
 68.125000   0.463969
 68.150000   0.483109
 68.175000   0.501924
 68.200000   0.520402
 68.225000   0.538532
 68.250000   0.556303
 68.275000   0.573704
 68.300000   0.590725
 68.325000   0.607356
 68.350000   0.623587
 68.375000   0.639408
 68.400000   0.654810
 68.425000   0.669783
 68.450000   0.684320
 68.475000   0.698411
 68.500000   0.712048
 68.525000   0.725224
 68.550000   0.737930
 68.575000   0.750159
 68.600000   0.761905
 68.625000   0.773160
 68.650000   0.783918
 68.675000   0.794173
 68.700000   0.803919
 68.725000   0.813151
 68.750000   0.821863
 68.775000   0.830051
 68.800000   0.837711
 68.825000   0.844838
 68.850000   0.851428
 68.875000   0.857478
 68.900000   0.862985
 68.925000   0.867946
 68.950000   0.872359
 68.975000   0.876222
 69.000000   0.879532
 69.025000   0.882289
 69.050000   0.884492
 69.075000   0.886139
 69.100000   0.887231
 69.125000   0.887767
 69.150000   0.887748
 69.175000   0.887175
 69.200000   0.886048
 69.225000   0.884369
 69.250000   0.882140
 69.275000   0.879363
 69.300000   0.876040
 69.325000   0.872174
 69.350000   0.867768
 69.375000   0.862826
 69.400000   0.857351
 69.425000   0.851347
 69.450000   0.844819
 69.475000   0.837772
 69.500000   0.830210
 69.525000   0.822139
 69.550000   0.813565
 69.575000   0.804493
 69.600000   0.794930
 69.625000   0.784882
 69.650000   0.774357
 69.675000   0.763362
 69.700000   0.751903
 69.725000   0.739989
 69.750000   0.727628
 69.775000   0.714827
 69.800000   0.701597
 69.825000   0.687944
 69.850000   0.673879
 69.875000   0.659411
 69.900000   0.644548
 69.925000   0.629302
 69.950000   0.613682
 69.975000   0.597698
 70.000000   0.581361
 70.025000   0.564681
 70.050000   0.547669
 70.075000   0.530336
 70.100000   0.512694
 70.125000   0.494754
 70.150000   0.476527
 70.175000   0.458025
 70.200000   0.439260
 70.225000   0.420244
 70.250000   0.400990
 70.275000   0.381509
 70.300000   0.361814
 70.325000   0.341918
 70.350000   0.321833
 70.375000   0.301572
 70.400000   0.281148
 70.425000   0.260575
 70.450000   0.239864
 70.475000   0.219029
 70.500000   0.198083
 70.525000   0.177040
 70.550000   0.155912
 70.575000   0.134714
 70.600000   0.113457
 70.625000   0.092157
 70.650000   0.070826
 70.675000   0.049477
 70.700000   0.028123
 70.725000   0.006779
 70.750000  -0.014543
 70.775000  -0.035829
 70.800000  -0.057066
 70.825000  -0.078240
 70.850000  -0.099340
 70.875000  -0.120351
 70.900000  -0.141261
 70.925000  -0.162056
 70.950000  -0.182724
 70.975000  -0.203253
 71.000000  -0.223628
 71.025000  -0.243839
 71.050000  -0.263872
 71.075000  -0.283715
 71.100000  -0.303356
 71.125000  -0.322783
 71.150000  -0.341984
 71.175000  -0.360948
 71.200000  -0.379663
 71.225000  -0.398117
 71.250000  -0.416299
 71.275000  -0.434199
 71.300000  -0.451805
 71.325000  -0.469107
 71.350000  -0.486094
 71.375000  -0.502756
 71.400000  -0.519084
 71.425000  -0.535067
 71.450000  -0.550696
 71.475000  -0.565961
 71.500000  -0.580854
 71.525000  -0.595366
 71.550000  -0.609487
 71.575000  -0.623210
 71.600000  -0.636527
 71.625000  -0.649429
 71.650000  -0.661910
 71.675000  -0.673962
 71.700000  -0.685578
 71.725000  -0.696751
 71.750000  -0.707475
 71.775000  -0.717744
 71.800000  -0.727551
 71.825000  -0.736892
 71.850000  -0.745761
 71.875000  -0.754154
 71.900000  -0.762064
 71.925000  -0.769489
 71.950000  -0.776424
 71.975000  -0.782865
 72.000000  -0.788810
 72.025000  -0.794254
 72.050000  -0.799195
 72.075000  -0.803631
 72.100000  -0.807560
 72.125000  -0.810979
 72.150000  -0.813887
 72.175000  -0.816284
 72.200000  -0.818168
 72.225000  -0.819538
 72.250000  -0.820395
 72.275000  -0.820738
 72.300000  -0.820568
 72.325000  -0.819886
 72.350000  -0.818693
 72.375000  -0.816990
 72.400000  -0.814778
 72.425000  -0.812061
 72.450000  -0.808840
 72.475000  -0.805117
 72.500000  -0.800897
 72.525000  -0.796181
 72.550000  -0.790974
 72.575000  -0.785280
 72.600000  -0.779102
 72.625000  -0.772445
 72.650000  -0.765314
 72.675000  -0.757714
 72.700000  -0.749651
 72.725000  -0.741129
 72.750000  -0.732155
 72.775000  -0.722735
 72.800000  -0.712875
 72.825000  -0.702582
 72.850000  -0.691864
 72.875000  -0.680726
 72.900000  -0.669177
 72.925000  -0.657225
 72.950000  -0.644878
 72.975000  -0.632142
 73.000000  -0.619028
 73.025000  -0.605544
 73.050000  -0.591699
 73.075000  -0.577501
 73.100000  -0.562960
 73.125000  -0.548086
 73.150000  -0.532888
 73.175000  -0.517376
 73.200000  -0.501560
 73.225000  -0.485451
 73.250000  -0.469059
 73.275000  -0.452394
 73.300000  -0.435468
 73.325000  -0.418290
 73.350000  -0.400873
 73.375000  -0.383228
 73.400000  -0.365365
 73.425000  -0.347296
 73.450000  -0.329033
 73.475000  -0.310587
 73.500000  -0.291970
 73.525000  -0.273194
 73.550000  -0.254271
 73.575000  -0.235212
 73.600000  -0.216031
 73.625000  -0.196739
 73.650000  -0.177347
 73.675000  -0.157870
 73.700000  -0.138318
 73.725000  -0.118704
 73.750000  -0.099040
 73.775000  -0.079339
 73.800000  -0.059614
 73.825000  -0.039875
 73.850000  -0.020137
 73.875000  -0.000410
 73.900000   0.019292
 73.925000   0.038958
 73.950000   0.058574
 73.975000   0.078130
 74.000000   0.097612
 74.025000   0.117009
 74.050000   0.136309
 74.075000   0.155499
 74.100000   0.174569
 74.125000   0.193505
 74.150000   0.212297
 74.175000   0.230933
 74.200000   0.249401
 74.225000   0.267691
 74.250000   0.285790
 74.275000   0.303689
 74.300000   0.321375
 74.325000   0.338839
 74.350000   0.356069
 74.375000   0.373055
 74.400000   0.389787
 74.425000   0.406254
 74.450000   0.422448
 74.475000   0.438357
 74.500000   0.453973
 74.525000   0.469285
 74.550000   0.484285
 74.575000   0.498964
 74.600000   0.513313
 74.625000   0.527324
 74.650000   0.540988
 74.675000   0.554296
 74.700000   0.567242
 74.725000   0.579818
 74.750000   0.592015
 74.775000   0.603828
 74.800000   0.615249
 74.825000   0.626271
 74.850000   0.636888
 74.875000   0.647094
 74.900000   0.656884
 74.925000   0.666250
 74.950000   0.675189
 74.975000   0.683696
 75.000000   0.691764
 75.025000   0.699390
 75.050000   0.706570
 75.075000   0.713300
 75.100000   0.719576
 75.125000   0.725394
 75.150000   0.730752
 75.175000   0.735647
 75.200000   0.740077
 75.225000   0.744039
 75.250000   0.747531
 75.275000   0.750551
 75.300000   0.753100
 75.325000   0.755174
 75.350000   0.756775
 75.375000   0.757900
 75.400000   0.758551
 75.425000   0.758728
 75.450000   0.758430
 75.475000   0.757659
 75.500000   0.756416
 75.525000   0.754702
 75.550000   0.752518
 75.575000   0.749868
 75.600000   0.746752
 75.625000   0.743174
 75.650000   0.739136
 75.675000   0.734641
 75.700000   0.729694
 75.725000   0.724296
 75.750000   0.718453
 75.775000   0.712169
 75.800000   0.705448
 75.825000   0.698294
 75.850000   0.690713
 75.875000   0.682711
 75.900000   0.674291
 75.925000   0.665462
 75.950000   0.656227
 75.975000   0.646595
 76.000000   0.636570
 76.025000   0.626161
 76.050000   0.615373
 76.075000   0.604215
 76.100000   0.592693
 76.125000   0.580815
 76.150000   0.568589
 76.175000   0.556024
 76.200000   0.543127
 76.225000   0.529907
 76.250000   0.516372
 76.275000   0.502532
 76.300000   0.488395
 76.325000   0.473971
 76.350000   0.459268
 76.375000   0.444298
 76.400000   0.429068
 76.425000   0.413590
 76.450000   0.397872
 76.475000   0.381926
 76.500000   0.365761
 76.525000   0.349388
 76.550000   0.332817
 76.575000   0.316059
 76.600000   0.299124
 76.625000   0.282024
 76.650000   0.264769
 76.675000   0.247370
 76.700000   0.229838
 76.725000   0.212185
 76.750000   0.194421
 76.775000   0.176558
 76.800000   0.158607
 76.825000   0.140580
 76.850000   0.122487
 76.875000   0.104340
 76.900000   0.086151
 76.925000   0.067931
 76.950000   0.049691
 76.975000   0.031442
 77.000000   0.013197
 77.025000  -0.005033
 77.050000  -0.023238
 77.075000  -0.041405
 77.100000  -0.059524
 77.125000  -0.077583
 77.150000  -0.095571
 77.175000  -0.113477
 77.200000  -0.131290
 77.225000  -0.148998
 77.250000  -0.166591
 77.275000  -0.184058
 77.300000  -0.201389
 77.325000  -0.218572
 77.350000  -0.235597
 77.375000  -0.252453
 77.400000  -0.269131
 77.425000  -0.285620
 77.450000  -0.301910
 77.475000  -0.317991
 77.500000  -0.333853
 77.525000  -0.349487
 77.550000  -0.364883
 77.575000  -0.380032
 77.600000  -0.394925
 77.625000  -0.409552
 77.650000  -0.423905
 77.675000  -0.437976
 77.700000  -0.451756
 77.725000  -0.465236
 77.750000  -0.478409
 77.775000  -0.491266
 77.800000  -0.503801
 77.825000  -0.516005
 77.850000  -0.527872
 77.875000  -0.539394
 77.900000  -0.550565
 77.925000  -0.561378
 77.950000  -0.571827
 77.975000  -0.581906
 78.000000  -0.591609
 78.025000  -0.600930
 78.050000  -0.609864
 78.075000  -0.618406
 78.100000  -0.626551
 78.125000  -0.634295
 78.150000  -0.641633
 78.175000  -0.648561
 78.200000  -0.655075
 78.225000  -0.661172
 78.250000  -0.666848
 78.275000  -0.672101
 78.300000  -0.676927
 78.325000  -0.681325
 78.350000  -0.685291
 78.375000  -0.688825
 78.400000  -0.691924
 78.425000  -0.694587
 78.450000  -0.696813
 78.475000  -0.698600
 78.500000  -0.699950
 78.525000  -0.700860
 78.550000  -0.701331
 78.575000  -0.701364
 78.600000  -0.700959
 78.625000  -0.700117
 78.650000  -0.698838
 78.675000  -0.697124
 78.700000  -0.694977
 78.725000  -0.692399
 78.750000  -0.689391
 78.775000  -0.685957
 78.800000  -0.682098
 78.825000  -0.677819
 78.850000  -0.673121
 78.875000  -0.668009
 78.900000  -0.662486
 78.925000  -0.656556
 78.950000  -0.650223
 78.975000  -0.643492
 79.000000  -0.636368
 79.025000  -0.628855
 79.050000  -0.620959
 79.075000  -0.612684
 79.100000  -0.604038
 79.125000  -0.595025
 79.150000  -0.585651
 79.175000  -0.575924
 79.200000  -0.565849
 79.225000  -0.555433
 79.250000  -0.544683
 79.275000  -0.533607
 79.300000  -0.522211
 79.325000  -0.510503
 79.350000  -0.498491
 79.375000  -0.486182
 79.400000  -0.473585
 79.425000  -0.460708
 79.450000  -0.447560
 79.475000  -0.434148
 79.500000  -0.420482
 79.525000  -0.406571
 79.550000  -0.392423
 79.575000  -0.378047
 79.600000  -0.363453
 79.625000  -0.348651
 79.650000  -0.333649
 79.675000  -0.318458
 79.700000  -0.303087
 79.725000  -0.287545
 79.750000  -0.271844
 79.775000  -0.255992
 79.800000  -0.240000
 79.825000  -0.223878
 79.850000  -0.207637
 79.875000  -0.191286
 79.900000  -0.174836
 79.925000  -0.158297
 79.950000  -0.141681
 79.975000  -0.124996
 80.000000  -0.108254
 80.025000  -0.091466
 80.050000  -0.074642
 80.075000  -0.057791
 80.100000  -0.040926
 80.125000  -0.024056
 80.150000  -0.007193
 80.175000   0.009654
 80.200000   0.026474
 80.225000   0.043257
 80.250000   0.059991
 80.275000   0.076667
 80.300000   0.093275
 80.325000   0.109803
 80.350000   0.126242
 80.375000   0.142582
 80.400000   0.158812
 80.425000   0.174923
 80.450000   0.190905
 80.475000   0.206747
 80.500000   0.222440
 80.525000   0.237975
 80.550000   0.253342
 80.575000   0.268531
 80.600000   0.283534
 80.625000   0.298341
 80.650000   0.312943
 80.675000   0.327331
 80.700000   0.341497
 80.725000   0.355432
 80.750000   0.369127
 80.775000   0.382575
 80.800000   0.395767
 80.825000   0.408696
 80.850000   0.421353
 80.875000   0.433731
 80.900000   0.445822
 80.925000   0.457620
 80.950000   0.469118
 80.975000   0.480308
 81.000000   0.491184
 81.025000   0.501740
 81.050000   0.511969
 81.075000   0.521866
 81.100000   0.531425
 81.125000   0.540639
 81.150000   0.549505
 81.175000   0.558016
 81.200000   0.566168
 81.225000   0.573956
 81.250000   0.581376
 81.275000   0.588423
 81.300000   0.595095
 81.325000   0.601386
 81.350000   0.607294
 81.375000   0.612815
 81.400000   0.617946
 81.425000   0.622685
 81.450000   0.627029
 81.475000   0.630976
 81.500000   0.634525
 81.525000   0.637672
 81.550000   0.640417
 81.575000   0.642759
 81.600000   0.644696
 81.625000   0.646229
 81.650000   0.647356
 81.675000   0.648077
 81.700000   0.648392
 81.725000   0.648302
 81.750000   0.647807
 81.775000   0.646908
 81.800000   0.645607
 81.825000   0.643903
 81.850000   0.641800
 81.875000   0.639299
 81.900000   0.636401
 81.925000   0.633109
 81.950000   0.629426
 81.975000   0.625355
 82.000000   0.620898
 82.025000   0.616059
 82.050000   0.610841
 82.075000   0.605248
 82.100000   0.599284
 82.125000   0.592953
 82.150000   0.586260
 82.175000   0.579209
 82.200000   0.571805
 82.225000   0.564053
 82.250000   0.555959
 82.275000   0.547527
 82.300000   0.538764
 82.325000   0.529676
 82.350000   0.520268
 82.375000   0.510546
 82.400000   0.500518
 82.425000   0.490190
 82.450000   0.479569
 82.475000   0.468661
 82.500000   0.457475
 82.525000   0.446016
 82.550000   0.434294
 82.575000   0.422314
 82.600000   0.410086
 82.625000   0.397617
 82.650000   0.384916
 82.675000   0.371989
 82.700000   0.358847
 82.725000   0.345497
 82.750000   0.331947
 82.775000   0.318208
 82.800000   0.304286
 82.825000   0.290193
 82.850000   0.275935
 82.875000   0.261523
 82.900000   0.246966
 82.925000   0.232272
 82.950000   0.217452
 82.975000   0.202514
 83.000000   0.187469
 83.025000   0.172325
 83.050000   0.157093
 83.075000   0.141782
 83.100000   0.126401
 83.125000   0.110960
 83.150000   0.095470
 83.175000   0.079939
 83.200000   0.064377
 83.225000   0.048795
 83.250000   0.033202
 83.275000   0.017608
 83.300000   0.002022
 83.325000  -0.013546
 83.350000  -0.029086
 83.375000  -0.044588
 83.400000  -0.060043
 83.425000  -0.075441
 83.450000  -0.090773
 83.475000  -0.106029
 83.500000  -0.121200
 83.525000  -0.136276
 83.550000  -0.151248
 83.575000  -0.166107
 83.600000  -0.180844
 83.625000  -0.195449
 83.650000  -0.209914
 83.675000  -0.224230
 83.700000  -0.238388
 83.725000  -0.252379
 83.750000  -0.266196
 83.775000  -0.279828
 83.800000  -0.293269
 83.825000  -0.306510
 83.850000  -0.319543
 83.875000  -0.332360
 83.900000  -0.344953
 83.925000  -0.357316
 83.950000  -0.369439
 83.975000  -0.381317
 84.000000  -0.392942
 84.025000  -0.404307
 84.050000  -0.415405
 84.075000  -0.426230
 84.100000  -0.436775
 84.125000  -0.447034
 84.150000  -0.457001
 84.175000  -0.466670
 84.200000  -0.476036
 84.225000  -0.485093
 84.250000  -0.493835
 84.275000  -0.502258
 84.300000  -0.510357
 84.325000  -0.518127
 84.350000  -0.525563
 84.375000  -0.532662
 84.400000  -0.539420
 84.425000  -0.545832
 84.450000  -0.551895
 84.475000  -0.557606
 84.500000  -0.562961
 84.525000  -0.567959
 84.550000  -0.572595
 84.575000  -0.576868
 84.600000  -0.580775
 84.625000  -0.584314
 84.650000  -0.587484
 84.675000  -0.590284
 84.700000  -0.592711
 84.725000  -0.594765
 84.750000  -0.596445
 84.775000  -0.597750
 84.800000  -0.598680
 84.825000  -0.599235
 84.850000  -0.599416
 84.875000  -0.599221
 84.900000  -0.598653
 84.925000  -0.597711
 84.950000  -0.596397
 84.975000  -0.594713
 85.000000  -0.592659
 85.025000  -0.590237
 85.050000  -0.587450
 85.075000  -0.584300
 85.100000  -0.580788
 85.125000  -0.576918
 85.150000  -0.572693
 85.175000  -0.568115
 85.200000  -0.563188
 85.225000  -0.557915
 85.250000  -0.552301
 85.275000  -0.546348
 85.300000  -0.540062
 85.325000  -0.533447
 85.350000  -0.526506
 85.375000  -0.519245
 85.400000  -0.511669
 85.425000  -0.503783
 85.450000  -0.495592
 85.475000  -0.487102
 85.500000  -0.478318
 85.525000  -0.469247
 85.550000  -0.459893
 85.575000  -0.450265
 85.600000  -0.440366
 85.625000  -0.430206
 85.650000  -0.419789
 85.675000  -0.409123
 85.700000  -0.398215
 85.725000  -0.387072
 85.750000  -0.375700
 85.775000  -0.364109
 85.800000  -0.352305
 85.825000  -0.340295
 85.850000  -0.328087
 85.875000  -0.315691
 85.900000  -0.303112
 85.925000  -0.290360
 85.950000  -0.277442
 85.975000  -0.264367
 86.000000  -0.251144
 86.025000  -0.237780
 86.050000  -0.224284
 86.075000  -0.210665
 86.100000  -0.196931
 86.125000  -0.183092
 86.150000  -0.169156
 86.175000  -0.155131
 86.200000  -0.141027
 86.225000  -0.126852
 86.250000  -0.112616
 86.275000  -0.098328
 86.300000  -0.083995
 86.325000  -0.069629
 86.350000  -0.055236
 86.375000  -0.040828
 86.400000  -0.026411
 86.425000  -0.011997
 86.450000   0.002408
 86.475000   0.016792
 86.500000   0.031149
 86.525000   0.045468
 86.550000   0.059740
 86.575000   0.073958
 86.600000   0.088111
 86.625000   0.102192
 86.650000   0.116191
 86.675000   0.130101
 86.700000   0.143911
 86.725000   0.157615
 86.750000   0.171203
 86.775000   0.184667
 86.800000   0.197999
 86.825000   0.211191
 86.850000   0.224234
 86.875000   0.237121
 86.900000   0.249844
 86.925000   0.262394
 86.950000   0.274766
 86.975000   0.286950
 87.000000   0.298939
 87.025000   0.310727
 87.050000   0.322307
 87.075000   0.333670
 87.100000   0.344811
 87.125000   0.355722
 87.150000   0.366398
 87.175000   0.376832
 87.200000   0.387017
 87.225000   0.396948
 87.250000   0.406618
 87.275000   0.416022
 87.300000   0.425155
 87.325000   0.434011
 87.350000   0.442585
 87.375000   0.450871
 87.400000   0.458866
 87.425000   0.466564
 87.450000   0.473961
 87.475000   0.481052
 87.500000   0.487835
 87.525000   0.494304
 87.550000   0.500456
 87.575000   0.506289
 87.600000   0.511797
 87.625000   0.516979
 87.650000   0.521832
 87.675000   0.526353
 87.700000   0.530539
 87.725000   0.534389
 87.750000   0.537900
 87.775000   0.541071
 87.800000   0.543900
 87.825000   0.546386
 87.850000   0.548527
 87.875000   0.550323
 87.900000   0.551773
 87.925000   0.552877
 87.950000   0.553634
 87.975000   0.554044
 88.000000   0.554108
 88.025000   0.553826
 88.050000   0.553197
 88.075000   0.552225
 88.100000   0.550908
 88.125000   0.549249
 88.150000   0.547250
 88.175000   0.544910
 88.200000   0.542234
 88.225000   0.539222
 88.250000   0.535877
 88.275000   0.532202
 88.300000   0.528198
 88.325000   0.523870
 88.350000   0.519220
 88.375000   0.514252
 88.400000   0.508968
 88.425000   0.503374
 88.450000   0.497472
 88.475000   0.491266
 88.500000   0.484762
 88.525000   0.477963
 88.550000   0.470873
 88.575000   0.463499
 88.600000   0.455844
 88.625000   0.447914
 88.650000   0.439715
 88.675000   0.431250
 88.700000   0.422528
 88.725000   0.413552
 88.750000   0.404329
 88.775000   0.394865
 88.800000   0.385166
 88.825000   0.375239
 88.850000   0.365090
 88.875000   0.354725
 88.900000   0.344152
 88.925000   0.333377
 88.950000   0.322407
 88.975000   0.311250
 89.000000   0.299912
 89.025000   0.288401
 89.050000   0.276725
 89.075000   0.264890
 89.100000   0.252904
 89.125000   0.240776
 89.150000   0.228512
 89.175000   0.216121
 89.200000   0.203610
 89.225000   0.190988
 89.250000   0.178262
 89.275000   0.165441
 89.300000   0.152532
 89.325000   0.139544
 89.350000   0.126486
 89.375000   0.113364
 89.400000   0.100189
 89.425000   0.086967
 89.450000   0.073707
 89.475000   0.060418
 89.500000   0.047108
 89.525000   0.033785
 89.550000   0.020458
 89.575000   0.007134
 89.600000  -0.006178
 89.625000  -0.019468
 89.650000  -0.032731
 89.675000  -0.045956
 89.700000  -0.059136
 89.725000  -0.072262
 89.750000  -0.085327
 89.775000  -0.098323
 89.800000  -0.111240
 89.825000  -0.124073
 89.850000  -0.136811
 89.875000  -0.149448
 89.900000  -0.161976
 89.925000  -0.174388
 89.950000  -0.186675
 89.975000  -0.198830
 90.000000  -0.210845
 90.025000  -0.222714
 90.050000  -0.234429
 90.075000  -0.245983
 90.100000  -0.257369
 90.125000  -0.268579
 90.150000  -0.279609
 90.175000  -0.290449
 90.200000  -0.301095
 90.225000  -0.311539
 90.250000  -0.321776
 90.275000  -0.331799
 90.300000  -0.341602
 90.325000  -0.351180
 90.350000  -0.360526
 90.375000  -0.369636
 90.400000  -0.378503
 90.425000  -0.387123
 90.450000  -0.395490
 90.475000  -0.403600
 90.500000  -0.411447
 90.525000  -0.419028
 90.550000  -0.426337
 90.575000  -0.433372
 90.600000  -0.440126
 90.625000  -0.446598
 90.650000  -0.452782
 90.675000  -0.458676
 90.700000  -0.464276
 90.725000  -0.469579
 90.750000  -0.474582
 90.775000  -0.479282
 90.800000  -0.483677
 90.825000  -0.487765
 90.850000  -0.491543
 90.875000  -0.495009
 90.900000  -0.498161
 90.925000  -0.500999
 90.950000  -0.503520
 90.975000  -0.505724
 91.000000  -0.507608
 91.025000  -0.509174
 91.050000  -0.510419
 91.075000  -0.511344
 91.100000  -0.511949
 91.125000  -0.512233
 91.150000  -0.512197
 91.175000  -0.511841
 91.200000  -0.511165
 91.225000  -0.510172
 91.250000  -0.508861
 91.275000  -0.507233
 91.300000  -0.505291
 91.325000  -0.503036
 91.350000  -0.500469
 91.375000  -0.497593
 91.400000  -0.494410
 91.425000  -0.490922
 91.450000  -0.487132
 91.475000  -0.483042
 91.500000  -0.478656
 91.525000  -0.473976
 91.550000  -0.469006
 91.575000  -0.463749
 91.600000  -0.458209
 91.625000  -0.452390
 91.650000  -0.446296
 91.675000  -0.439930
 91.700000  -0.433298
 91.725000  -0.426403
 91.750000  -0.419251
 91.775000  -0.411846
 91.800000  -0.404192
 91.825000  -0.396296
 91.850000  -0.388162
 91.875000  -0.379796
 91.900000  -0.371203
 91.925000  -0.362389
 91.950000  -0.353360
 91.975000  -0.344121
 92.000000  -0.334679
 92.025000  -0.325040
 92.050000  -0.315209
 92.075000  -0.305194
 92.100000  -0.295001
 92.125000  -0.284637
 92.150000  -0.274108
 92.175000  -0.263420
 92.200000  -0.252582
 92.225000  -0.241599
 92.250000  -0.230479
 92.275000  -0.219229
 92.300000  -0.207856
 92.325000  -0.196367
 92.350000  -0.184770
 92.375000  -0.173073
 92.400000  -0.161281
 92.425000  -0.149404
 92.450000  -0.137448
 92.475000  -0.125422
 92.500000  -0.113332
 92.525000  -0.101186
 92.550000  -0.088993
 92.575000  -0.076759
 92.600000  -0.064492
 92.625000  -0.052200
 92.650000  -0.039892
 92.675000  -0.027573
 92.700000  -0.015253
 92.725000  -0.002939
 92.750000   0.009362
 92.775000   0.021642
 92.800000   0.033893
 92.825000   0.046107
 92.850000   0.058277
 92.875000   0.070396
 92.900000   0.082455
 92.925000   0.094448
 92.950000   0.106367
 92.975000   0.118205
 93.000000   0.129954
 93.025000   0.141607
 93.050000   0.153157
 93.075000   0.164597
 93.100000   0.175920
 93.125000   0.187119
 93.150000   0.198187
 93.175000   0.209118
 93.200000   0.219904
 93.225000   0.230540
 93.250000   0.241018
 93.275000   0.251332
 93.300000   0.261477
 93.325000   0.271446
 93.350000   0.281232
 93.375000   0.290831
 93.400000   0.300236
 93.425000   0.309442
 93.450000   0.318443
 93.475000   0.327234
 93.500000   0.335810
 93.525000   0.344165
 93.550000   0.352295
 93.575000   0.360195
 93.600000   0.367859
 93.625000   0.375285
 93.650000   0.382467
 93.675000   0.389400
 93.700000   0.396082
 93.725000   0.402509
 93.750000   0.408676
 93.775000   0.414580
 93.800000   0.420217
 93.825000   0.425585
 93.850000   0.430681
 93.875000   0.435501
 93.900000   0.440043
 93.925000   0.444305
 93.950000   0.448284
 93.975000   0.451978
 94.000000   0.455385
 94.025000   0.458503
 94.050000   0.461331
 94.075000   0.463868
 94.100000   0.466111
 94.125000   0.468061
 94.150000   0.469715
 94.175000   0.471075
 94.200000   0.472138
 94.225000   0.472905
 94.250000   0.473376
 94.275000   0.473551
 94.300000   0.473430
 94.325000   0.473013
 94.350000   0.472301
 94.375000   0.471295
 94.400000   0.469996
 94.425000   0.468405
 94.450000   0.466524
 94.475000   0.464353
 94.500000   0.461895
 94.525000   0.459152
 94.550000   0.456125
 94.575000   0.452818
 94.600000   0.449231
 94.625000   0.445369
 94.650000   0.441233
 94.675000   0.436827
 94.700000   0.432153
 94.725000   0.427216
 94.750000   0.422017
 94.775000   0.416562
 94.800000   0.410853
 94.825000   0.404895
 94.850000   0.398691
 94.875000   0.392246
 94.900000   0.385564
 94.925000   0.378650
 94.950000   0.371508
 94.975000   0.364142
 95.000000   0.356559
 95.025000   0.348762
 95.050000   0.340757
 95.075000   0.332549
 95.100000   0.324144
 95.125000   0.315547
 95.150000   0.306764
 95.175000   0.297800
 95.200000   0.288661
 95.225000   0.279353
 95.250000   0.269882
 95.275000   0.260255
 95.300000   0.250477
 95.325000   0.240555
 95.350000   0.230495
 95.375000   0.220304
 95.400000   0.209988
 95.425000   0.199553
 95.450000   0.189007
 95.475000   0.178356
 95.500000   0.167607
 95.525000   0.156767
 95.550000   0.145842
 95.575000   0.134840
 95.600000   0.123768
 95.625000   0.112632
 95.650000   0.101439
 95.675000   0.090197
 95.700000   0.078913
 95.725000   0.067594
 95.750000   0.056246
 95.775000   0.044878
 95.800000   0.033496
 95.825000   0.022107
 95.850000   0.010718
 95.875000  -0.000662
 95.900000  -0.012029
 95.925000  -0.023373
 95.950000  -0.034689
 95.975000  -0.045969
 96.000000  -0.057206
 96.025000  -0.068394
 96.050000  -0.079525
 96.075000  -0.090592
 96.100000  -0.101589
 96.125000  -0.112508
 96.150000  -0.123344
 96.175000  -0.134089
 96.200000  -0.144737
 96.225000  -0.155281
 96.250000  -0.165715
 96.275000  -0.176033
 96.300000  -0.186228
 96.325000  -0.196293
 96.350000  -0.206224
 96.375000  -0.216013
 96.400000  -0.225655
 96.425000  -0.235144
 96.450000  -0.244475
 96.475000  -0.253641
 96.500000  -0.262637
 96.525000  -0.271458
 96.550000  -0.280098
 96.575000  -0.288553
 96.600000  -0.296817
 96.625000  -0.304885
 96.650000  -0.312753
 96.675000  -0.320415
 96.700000  -0.327868
 96.725000  -0.335107
 96.750000  -0.342127
 96.775000  -0.348925
 96.800000  -0.355496
 96.825000  -0.361837
 96.850000  -0.367945
 96.875000  -0.373815
 96.900000  -0.379444
 96.925000  -0.384829
 96.950000  -0.389967
 96.975000  -0.394855
 97.000000  -0.399490
 97.025000  -0.403870
 97.050000  -0.407992
 97.075000  -0.411854
 97.100000  -0.415455
 97.125000  -0.418791
 97.150000  -0.421861
 97.175000  -0.424664
 97.200000  -0.427199
 97.225000  -0.429463
 97.250000  -0.431457
 97.275000  -0.433178
 97.300000  -0.434627
 97.325000  -0.435802
 97.350000  -0.436704
 97.375000  -0.437332
 97.400000  -0.437686
 97.425000  -0.437766
 97.450000  -0.437573
 97.475000  -0.437106
 97.500000  -0.436367
 97.525000  -0.435357
 97.550000  -0.434076
 97.575000  -0.432525
 97.600000  -0.430706
 97.625000  -0.428621
 97.650000  -0.426270
 97.675000  -0.423656
 97.700000  -0.420781
 97.725000  -0.417646
 97.750000  -0.414255
 97.775000  -0.410609
 97.800000  -0.406711
 97.825000  -0.402564
 97.850000  -0.398170
 97.875000  -0.393534
 97.900000  -0.388657
 97.925000  -0.383544
 97.950000  -0.378198
 97.975000  -0.372622
 98.000000  -0.366821
 98.025000  -0.360797
 98.050000  -0.354556
 98.075000  -0.348101
 98.100000  -0.341437
 98.125000  -0.334567
 98.150000  -0.327498
 98.175000  -0.320232
 98.200000  -0.312776
 98.225000  -0.305134
 98.250000  -0.297311
 98.275000  -0.289311
 98.300000  -0.281141
 98.325000  -0.272806
 98.350000  -0.264311
 98.375000  -0.255661
 98.400000  -0.246862
 98.425000  -0.237921
 98.450000  -0.228841
 98.475000  -0.219630
 98.500000  -0.210294
 98.525000  -0.200838
 98.550000  -0.191268
 98.575000  -0.181590
 98.600000  -0.171812
 98.625000  -0.161938
 98.650000  -0.151975
 98.675000  -0.141930
 98.700000  -0.131809
 98.725000  -0.121618
 98.750000  -0.111364
 98.775000  -0.101054
 98.800000  -0.090693
 98.825000  -0.080288
 98.850000  -0.069846
 98.875000  -0.059373
 98.900000  -0.048877
 98.925000  -0.038363
 98.950000  -0.027838
 98.975000  -0.017309
 99.000000  -0.006783
 99.025000   0.003735
 99.050000   0.014237
 99.075000   0.024717
 99.100000   0.035169
 99.125000   0.045586
 99.150000   0.055961
 99.175000   0.066288
 99.200000   0.076561
 99.225000   0.086773
 99.250000   0.096919
 99.275000   0.106991
 99.300000   0.116984
 99.325000   0.126891
 99.350000   0.136706
 99.375000   0.146424
 99.400000   0.156039
 99.425000   0.165544
 99.450000   0.174933
 99.475000   0.184202
 99.500000   0.193344
 99.525000   0.202353
 99.550000   0.211226
 99.575000   0.219955
 99.600000   0.228536
 99.625000   0.236963
 99.650000   0.245232
 99.675000   0.253337
 99.700000   0.261274
 99.725000   0.269038
 99.750000   0.276624
 99.775000   0.284028
 99.800000   0.291246
 99.825000   0.298272
 99.850000   0.305103
 99.875000   0.311736
 99.900000   0.318165
 99.925000   0.324387
 99.950000   0.330399
 99.975000   0.336198
100.000000   0.341779
