     75.00      -30.1 
     80.00      -30.1 
     85.00      -30.1 
     90.00      -30.0 
     95.00      -30.0 
    100.00      -30.0 
    105.00      -30.0 
    110.00      -30.0 
    115.00      -30.0 
    120.00      -30.0 
    125.00      -30.0 
    130.00      -30.1 
    135.00      -30.1 
    140.00      -30.1 
    145.00      -30.1 
    150.00      -30.1 
    155.00      -30.1 
    160.00      -30.1 
    165.00      -30.1 
    170.00      -30.1 
    175.00      -30.1 
    180.00      -30.1 
    185.00      -30.1 
    190.00      -30.1 
    195.00      -30.1 
    200.00      -30.1 
    205.00      -30.1 
    210.00      -30.1 
    215.00      -30.1 
    220.00      -30.1 
    225.00      -30.1 
    230.00      -30.1 
    235.00      -30.1 
    240.00      -30.1 
    245.00      -30.1 
    250.00      -30.1 
    255.00      -30.0 
    260.00      -30.0 
    265.00      -30.0 
    270.00      -30.0 
    275.00      -30.0 
    280.00      -30.0 
    285.00      -30.0 
    290.00      -30.0 
    295.00      -30.0 
    300.00      -30.0 
    305.00      -30.0 
    310.00      -30.0 
    315.00      -30.0 
    320.00      -30.0 
    325.00      -30.0 
    330.00      -30.0 
    335.00      -30.0 
    340.00      -30.0 
    345.00      -30.0 
    350.00      -30.0 
    355.00      -30.0 
    360.00      -30.0 
    365.00      -30.0 
    370.00      -30.0 
    375.00      -29.9 
    380.00      -29.9 
    385.00      -29.9 
    390.00      -29.9 
    395.00      -29.9 
    400.00      -29.9 
    405.00      -29.9 
    410.00      -29.9 
    415.00      -29.9 
    420.00      -29.9 
    425.00      -29.9 
    430.00      -29.9 
    435.00      -29.9 
    440.00      -29.9 
    445.00      -29.9 
    450.00      -29.9 
    455.00      -29.9 
    460.00      -29.9 
    465.00      -29.9 
    470.00      -29.9 
    475.00      -29.9 
    480.00      -29.9 
    485.00      -29.9 
    490.00      -29.9 
    495.00      -29.9 
    500.00      -29.9 
    505.00      -29.9 
    510.00      -29.9 
    515.00      -29.9 
    520.00      -29.9 
    525.00      -29.8 
    530.00      -29.8 
    535.00      -29.8 
    540.00      -29.8 
    545.00      -29.8 
    550.00      -29.8 
    555.00      -29.8 
    560.00      -29.8 
    565.00      -29.8 
    570.00      -29.8 
    575.00      -29.8 
    580.00      -29.8 
    585.00      -29.8 
    590.00      -29.8 
    595.00      -29.8 
    600.00      -29.8 
    605.00      -29.8 
    610.00      -29.8 
    615.00      -29.8 
    620.00      -29.8 
    625.00      -29.8 
    630.00      -29.8 
    635.00      -29.8 
    640.00      -29.8 
    645.00      -29.8 
    650.00      -29.8 
    655.00      -29.8 
    660.00      -29.8 
    665.00      -29.8 
    670.00      -29.8 
    675.00      -29.8 
    680.00      -29.8 
    685.00      -29.8 
    690.00      -29.8 
    695.00      -29.8 
    700.00      -29.8 
    705.00      -29.8 
    710.00      -29.8 
    715.00      -29.8 
    720.00      -29.8 
    725.00      -29.8 
    730.00      -29.8 
    735.00      -29.8 
    740.00      -29.8 
    745.00      -29.8 
    750.00      -29.8 
    755.00      -29.8 
    760.00      -29.8 
    765.00      -29.8 
    770.00      -29.8 
    775.00      -29.8 
    780.00      -29.8 
    785.00      -29.8 
    790.00      -29.8 
    795.00      -29.8 
    800.00      -29.8 
    805.00      -29.8 
    810.00      -29.8 
    815.00      -29.8 
    820.00      -29.8 
    825.00      -29.8 
    830.00      -29.8 
    835.00      -29.8 
    840.00      -29.8 
    845.00      -29.8 
    850.00      -29.8 
    855.00      -29.8 
    860.00      -29.8 
    865.00      -29.8 
    870.00      -29.8 
    875.00      -29.9 
    880.00      -29.9 
    885.00      -29.9 
    890.00      -29.9 
    895.00      -29.9 
    900.00      -29.9 
    905.00      -29.9 
    910.00      -29.9 
    915.00      -29.9 
    920.00      -29.9 
    925.00      -29.9 
    930.00      -29.9 
    935.00      -29.9 
    940.00      -29.9 
    945.00      -29.9 
    950.00      -29.9 
    955.00      -29.9 
    960.00      -29.9 
    965.00      -29.9 
    970.00      -29.9 
    975.00      -29.9 
    980.00      -29.9 
    985.00      -29.9 
    990.00      -29.9 
    995.00      -29.9 
   1000.00      -29.9 
   1005.00      -29.9 
   1010.00      -29.9 
   1015.00      -29.9 
   1020.00      -29.9 
   1025.00      -29.9 
   1030.00      -29.9 
   1035.00      -29.9 
   1040.00      -30.0 
   1045.00      -30.0 
   1050.00      -30.0 
   1055.00      -30.0 
   1060.00      -30.0 
   1065.00      -30.0 
   1070.00      -30.0 
   1075.00      -30.0 
   1080.00      -30.0 
   1085.00      -30.0 
   1090.00      -30.0 
   1095.00      -30.0 
   1100.00      -30.0 
   1105.00      -30.0 
   1110.00      -30.0 
   1115.00      -30.0 
   1120.00      -30.0 
   1125.00      -30.0 
   1130.00      -30.0 
   1135.00      -30.0 
   1140.00      -30.0 
   1145.00      -30.0 
   1150.00      -30.0 
   1155.00      -30.0 
   1160.00      -30.0 
   1165.00      -30.1 
   1170.00      -30.1 
   1175.00      -30.1 
   1180.00      -30.1 
   1185.00      -30.1 
   1190.00      -30.1 
   1195.00      -30.1 
   1200.00      -30.1 
   1205.00      -30.1 
   1210.00      -30.1 
   1215.00      -30.1 
   1220.00      -30.1 
   1225.00      -30.1 
   1230.00      -30.1 
   1235.00      -30.1 
   1240.00      -30.1 
   1245.00      -30.1 
   1250.00      -30.1 
   1255.00      -30.1 
   1260.00      -30.2 
   1265.00      -30.2 
   1270.00      -30.2 
   1275.00      -30.2 
   1280.00      -30.2 
   1285.00      -30.2 
   1290.00      -30.2 
   1295.00      -30.2 
   1300.00      -30.2 
   1305.00      -30.2 
   1310.00      -30.2 
   1315.00      -30.2 
   1320.00      -30.2 
   1325.00      -30.2 
   1330.00      -30.2 
   1335.00      -30.2 
   1340.00      -30.2 
   1345.00      -30.2 
   1350.00      -30.3 
   1355.00      -30.3 
   1360.00      -30.3 
   1365.00      -30.3 
   1370.00      -30.3 
   1375.00      -30.3 
   1380.00      -30.3 
   1385.00      -30.3 
   1390.00      -30.3 
   1395.00      -30.3 
   1400.00      -30.3 
   1405.00      -30.3 
   1410.00      -30.3 
   1415.00      -30.3 
   1420.00      -30.3 
   1425.00      -30.3 
   1430.00      -30.3 
   1435.00      -30.4 
   1440.00      -30.4 
   1445.00      -30.4 
   1450.00      -30.4 
   1455.00      -30.4 
   1460.00      -30.4 
   1465.00      -30.4 
   1470.00      -30.4 
   1475.00      -30.4 
   1480.00      -30.4 
   1485.00      -30.4 
   1490.00      -30.4 
   1495.00      -30.4 
   1500.00      -30.4 
   1505.00      -30.4 
   1510.00      -30.4 
   1515.00      -30.4 
   1520.00      -30.5 
   1525.00      -30.5 
   1530.00      -30.5 
   1535.00      -30.5 
   1540.00      -30.5 
   1545.00      -30.5 
   1550.00      -30.5 
   1555.00      -30.5 
   1560.00      -30.5 
   1565.00      -30.5 
   1570.00      -30.5 
   1575.00      -30.5 
   1580.00      -30.5 
   1585.00      -30.5 
   1590.00      -30.5 
   1595.00      -30.5 
   1600.00      -30.5 
   1605.00      -30.5 
   1610.00      -30.5 
   1615.00      -30.5 
   1620.00      -30.6 
   1625.00      -30.6 
   1630.00      -30.6 
   1635.00      -30.6 
   1640.00      -30.6 
   1645.00      -30.6 
   1650.00      -30.6 
   1655.00      -30.6 
   1660.00      -30.6 
   1665.00      -30.6 
   1670.00      -30.6 
   1675.00      -30.6 
   1680.00      -30.6 
   1685.00      -30.6 
   1690.00      -30.6 
   1695.00      -30.6 
   1700.00      -30.6 
   1705.00      -30.6 
   1710.00      -30.6 
   1715.00      -30.6 
   1720.00      -30.6 
   1725.00      -30.6 
   1730.00      -30.6 
   1735.00      -30.6 
   1740.00      -30.6 
   1745.00      -30.6 
   1750.00      -30.6 
   1755.00      -30.6 
   1760.00      -30.6 
   1765.00      -30.6 
   1770.00      -30.6 
   1775.00      -30.6 
   1780.00      -30.6 
   1785.00      -30.6 
   1790.00      -30.6 
   1795.00      -30.6 
   1800.00      -30.6 
   1805.00      -30.6 
   1810.00      -30.6 
   1815.00      -30.6 
   1820.00      -30.6 
   1825.00      -30.6 
   1830.00      -30.6 
   1835.00      -30.6 
   1840.00      -30.6 
   1845.00      -30.6 
   1850.00      -30.6 
   1855.00      -30.6 
   1860.00      -30.6 
   1865.00      -30.6 
   1870.00      -30.6 
   1875.00      -30.6 
   1880.00      -30.6 
   1885.00      -30.6 
   1890.00      -30.6 
   1895.00      -30.6 
   1900.00      -30.6 
   1905.00      -30.6 
   1910.00      -30.6 
   1915.00      -30.6 
   1920.00      -30.6 
   1925.00      -30.6 
   1930.00      -30.6 
   1935.00      -30.6 
   1940.00      -30.6 
   1945.00      -30.6 
   1950.00      -30.6 
   1955.00      -30.6 
   1960.00      -30.5 
   1965.00      -30.5 
   1970.00      -30.5 
   1975.00      -30.5 
   1980.00      -30.5 
   1985.00      -30.5 
   1990.00      -30.5 
   1995.00      -30.5 
   2000.00      -30.5 
   2005.00      -30.5 
   2010.00      -30.5 
   2015.00      -30.5 
   2020.00      -30.4 
   2025.00      -30.4 
   2030.00      -30.4 
   2035.00      -30.4 
   2040.00      -30.4 
   2045.00      -30.4 
   2050.00      -30.4 
   2055.00      -30.4 
   2060.00      -30.4 
   2065.00      -30.3 
   2070.00      -30.3 
   2075.00      -30.3 
   2080.00      -30.3 
   2085.00      -30.3 
   2090.00      -30.3 
   2095.00      -30.3 
   2100.00      -30.2 
   2105.00      -30.2 
   2110.00      -30.2 
   2115.00      -30.2 
   2120.00      -30.2 
   2125.00      -30.2 
   2130.00      -30.1 
   2135.00      -30.1 
   2140.00      -30.1 
   2145.00      -30.1 
   2150.00      -30.1 
   2155.00      -30.1 
   2160.00      -30.0 
   2165.00      -30.0 
   2170.00      -30.0 
   2175.00      -30.0 
   2180.00      -29.9 
   2185.00      -29.9 
   2190.00      -29.9 
   2195.00      -29.9 
   2200.00      -29.9 
   2205.00      -29.8 
   2210.00      -29.8 
   2215.00      -29.8 
   2220.00      -29.8 
   2225.00      -29.7 
   2230.00      -29.7 
   2235.00      -29.7 
   2240.00      -29.7 
   2245.00      -29.6 
   2250.00      -29.6 
   2255.00      -29.6 
   2260.00      -29.6 
   2265.00      -29.5 
   2270.00      -29.5 
   2275.00      -29.5 
   2280.00      -29.4 
   2285.00      -29.4 
   2290.00      -29.4 
   2295.00      -29.3 
   2300.00      -29.3 
   2305.00      -29.3 
   2310.00      -29.2 
   2315.00      -29.2 
   2320.00      -29.2 
   2325.00      -29.1 
   2330.00      -29.1 
   2335.00      -29.1 
   2340.00      -29.0 
   2345.00      -29.0 
   2350.00      -29.0 
   2355.00      -28.9 
   2360.00      -28.9 
   2365.00      -28.8 
   2370.00      -28.8 
   2375.00      -28.8 
   2380.00      -28.7 
   2385.00      -28.7 
   2390.00      -28.6 
   2395.00      -28.6 
   2400.00      -28.6 
   2405.00      -28.5 
   2410.00      -28.5 
   2415.00      -28.4 
   2420.00      -28.4 
   2425.00      -28.3 
   2430.00      -28.3 
   2435.00      -28.2 
   2440.00      -28.2 
   2445.00      -28.2 
   2450.00      -28.1 
   2455.00      -28.1 
   2460.00      -28.0 
   2465.00      -28.0 
   2470.00      -27.9 
   2475.00      -27.9 
   2480.00      -27.8 
   2485.00      -27.8 
   2490.00      -27.7 
   2495.00      -27.6 
   2500.00      -27.6 
   2505.00      -27.5 
   2510.00      -27.5 
   2515.00      -27.4 
   2520.00      -27.4 
   2525.00      -27.3 
   2530.00      -27.3 
   2535.00      -27.2 
   2540.00      -27.1 
   2545.00      -27.1 
   2550.00      -27.0 
   2555.00      -27.0 
   2560.00      -26.9 
   2565.00      -26.8 
   2570.00      -26.8 
   2575.00      -26.7 
   2580.00      -26.6 
   2585.00      -26.6 
   2590.00      -26.5 
   2595.00      -26.4 
   2600.00      -26.4 
   2605.00      -26.3 
   2610.00      -26.2 
   2615.00      -26.2 
   2620.00      -26.1 
   2625.00      -26.0 
   2630.00      -26.0 
   2635.00      -25.9 
   2640.00      -25.8 
   2645.00      -25.8 
   2650.00      -25.7 
   2655.00      -25.6 
   2660.00      -25.5 
   2665.00      -25.5 
   2670.00      -25.4 
   2675.00      -25.3 
   2680.00      -25.2 
   2685.00      -25.2 
   2690.00      -25.1 
   2695.00      -25.0 
   2700.00      -24.9 
   2705.00      -24.8 
   2710.00      -24.8 
   2715.00      -24.7 
   2720.00      -24.6 
   2725.00      -24.5 
   2730.00      -24.4 
   2735.00      -24.3 
   2740.00      -24.3 
   2745.00      -24.2 
   2750.00      -24.1 
   2755.00      -24.0 
   2760.00      -23.9 
   2765.00      -23.8 
   2770.00      -23.7 
   2775.00      -23.6 
   2780.00      -23.5 
   2785.00      -23.4 
   2790.00      -23.3 
   2795.00      -23.3 
   2800.00      -23.2 
   2805.00      -23.1 
   2810.00      -23.0 
   2815.00      -22.9 
   2820.00      -22.8 
   2825.00      -22.7 
   2830.00      -22.6 
   2835.00      -22.5 
   2840.00      -22.4 
   2845.00      -22.3 
   2850.00      -22.2 
   2855.00      -22.1 
   2860.00      -22.0 
   2865.00      -21.9 
   2870.00      -21.8 
   2875.00      -21.7 
   2880.00      -21.5 
   2885.00      -21.4 
   2890.00      -21.3 
   2895.00      -21.2 
   2900.00      -21.1 
   2905.00      -21.0 
   2910.00      -20.9 
   2915.00      -20.8 
   2920.00      -20.7 
   2925.00      -20.5 
   2930.00      -20.4 
   2935.00      -20.3 
   2940.00      -20.2 
   2945.00      -20.1 
   2950.00      -20.0 
   2955.00      -19.8 
   2960.00      -19.7 
   2965.00      -19.6 
   2970.00      -19.5 
   2975.00      -19.4 
   2980.00      -19.2 
   2985.00      -19.1 
   2990.00      -19.0 
   2995.00      -18.9 
   3000.00      -18.7 
   3005.00      -18.6 
   3010.00      -18.5 
   3015.00      -18.3 
   3020.00      -18.2 
   3025.00      -18.1 
   3030.00      -18.0 
   3035.00      -17.8 
   3040.00      -17.7 
   3045.00      -17.5 
   3050.00      -17.4 
   3055.00      -17.3 
   3060.00      -17.1 
   3065.00      -17.0 
   3070.00      -16.9 
   3075.00      -16.7 
   3080.00      -16.6 
   3085.00      -16.5 
   3090.00      -16.3 
   3095.00      -16.2 
   3100.00      -16.0 
   3105.00      -15.9 
   3110.00      -15.7 
   3115.00      -15.6 
   3120.00      -15.4 
   3125.00      -15.3 
   3130.00      -15.2 
   3135.00      -15.0 
   3140.00      -14.9 
   3145.00      -14.7 
   3150.00      -14.5 
   3155.00      -14.4 
   3160.00      -14.3 
   3165.00      -14.1 
   3170.00      -13.9 
   3175.00      -13.8 
   3180.00      -13.6 
   3185.00      -13.5 
   3190.00      -13.3 
   3195.00      -13.2 
   3200.00      -13.0 
   3205.00      -12.8 
   3210.00      -12.7 
   3215.00      -12.5 
   3220.00      -12.4 
   3225.00      -12.2 
   3230.00      -12.0 
   3235.00      -11.9 
   3240.00      -11.7 
   3245.00      -11.5 
   3250.00      -11.4 
   3255.00      -11.2 
   3260.00      -11.0 
   3265.00      -10.9 
   3270.00      -10.7 
   3275.00      -10.5 
   3280.00      -10.4 
   3285.00      -10.2 
   3290.00      -10.0 
   3295.00       -9.8 
   3300.00       -9.7 
   3305.00       -9.5 
   3310.00       -9.3 
   3315.00       -9.2 
   3320.00       -9.0 
   3325.00       -8.8 
